87
10 40 3
5 6 10 
1 3
1 4
1 10
1 8
1 3
2 4
2 6
2 7
2 5
2 9
2 8
2 6
2 7
3 2
3 7
3 5
3 9
4 7
4 5
5 8
5 9
6 7
6 5
6 8
6 5
6 7
6 7
7 9
7 5
7 8
8 9
8 9
8 9
10 8
10 2
10 4
10 2
10 7
10 3
10 6
20 80 3
7 11 16 
1 14
1 18
2 4
2 18
2 12
2 4
2 19
2 20
2 18
2 15
2 19
3 10
3 16
3 14
3 17
3 20
3 1
4 11
5 3
5 12
5 3
5 19
6 18
6 17
6 11
6 9
6 7
7 13
7 16
7 11
8 14
8 15
8 19
8 16
8 4
8 13
8 16
9 4
9 18
9 14
10 1
10 4
10 14
10 20
12 13
12 16
12 17
12 11
12 9
12 10
13 14
13 4
14 4
15 10
15 9
15 16
15 16
15 16
16 13
16 4
16 14
17 8
17 18
17 10
17 15
17 16
17 10
17 4
18 7
18 4
18 13
18 16
19 10
19 7
19 1
20 9
20 16
20 14
20 4
20 18
5 10 3
2 4 5 
1 5
1 3
1 5
2 4
2 4
2 3
2 4
4 3
5 3
5 2
10 40 3
4 5 9 
1 9
1 10
1 8
2 7
2 9
2 7
2 7
4 9
4 2
4 2
4 2
4 2
5 4
5 9
5 7
6 10
6 2
6 7
6 8
6 5
6 10
6 10
6 10
6 4
7 3
8 5
8 4
8 3
8 5
8 3
8 4
8 4
8 7
9 7
9 7
10 5
10 2
10 8
10 3
10 3
20 40 3
8 15 19 
1 14
1 5
3 18
3 20
3 10
4 10
5 3
5 9
5 2
5 4
5 2
7 5
7 12
7 3
7 18
7 14
7 8
8 15
9 12
9 8
10 11
10 18
10 15
11 13
11 2
12 15
12 11
14 17
16 3
16 5
17 19
17 20
17 10
17 2
17 5
19 16
19 4
19 6
20 8
20 6
5 20 3
2 4 5 
1 5
1 5
1 4
1 3
1 5
1 4
1 5
1 2
2 4
2 4
3 2
3 4
3 4
5 3
5 4
5 4
5 3
5 3
5 4
5 3
5 10 3
2 4 5 
1 2
1 4
1 2
2 5
3 1
3 4
3 5
4 2
4 5
4 5
10 40 3
2 5 6 
1 2
1 5
1 4
1 9
1 8
2 10
2 5
2 6
2 8
2 9
2 10
2 5
3 5
3 6
3 9
3 1
3 1
3 7
3 7
3 5
3 7
3 4
4 9
4 8
4 8
4 7
5 4
5 7
5 10
5 4
5 10
5 7
6 7
6 7
7 9
8 7
8 6
8 6
8 6
10 4
10 40 3
2 7 9 
1 7
1 6
1 9
1 3
1 2
1 9
1 3
2 9
2 8
2 4
2 5
2 4
2 5
2 8
3 7
3 4
3 7
5 3
5 4
5 8
6 8
6 4
6 2
6 10
6 8
6 4
6 4
6 4
6 7
6 8
7 4
7 4
8 4
9 4
9 5
10 9
10 2
10 8
10 9
10 7
10 40 6
4 6 7 8 9 10 
1 2
1 7
1 9
1 7
1 4
1 4
1 6
2 7
2 6
2 6
2 10
2 9
2 8
2 10
3 10
4 9
4 2
4 3
4 10
4 7
5 7
5 4
5 10
5 9
5 4
5 4
6 9
6 9
6 7
6 9
6 9
7 3
7 3
7 8
8 3
8 3
8 3
9 8
9 7
9 7
40 100 5
5 15 26 31 40 
1 39
1 19
1 15
2 19
4 1
4 22
4 5
4 30
4 38
4 26
6 7
6 25
6 39
7 26
7 23
7 11
7 19
7 22
8 35
8 2
8 39
8 2
9 5
10 38
10 5
10 32
10 23
11 23
11 37
12 9
12 16
13 7
13 19
13 29
13 26
13 40
14 39
15 40
15 7
16 8
16 29
16 4
17 29
17 27
17 3
19 18
19 39
20 36
21 9
21 18
21 18
21 7
21 33
22 29
22 23
22 2
22 19
23 5
24 4
24 28
25 23
25 3
25 40
25 12
25 5
26 17
26 9
26 31
27 34
27 11
27 32
29 19
30 21
30 17
31 9
31 29
32 35
32 37
32 5
32 22
32 22
33 15
33 11
34 2
35 39
36 19
36 32
36 13
36 3
36 1
36 38
36 5
37 8
37 35
37 34
38 7
38 11
39 9
40 10
40 22
20 80 3
3 7 18 
1 10
1 14
1 16
2 5
2 14
3 20
3 15
3 20
4 1
4 7
4 19
4 17
4 12
4 7
4 11
6 9
6 3
6 2
6 10
6 5
6 10
6 14
7 15
7 8
7 12
7 15
7 9
8 18
8 11
8 5
8 12
8 2
9 2
9 18
9 2
10 12
10 7
10 12
10 9
10 8
10 9
11 5
12 2
12 18
12 9
13 7
13 10
13 18
13 15
14 11
14 18
15 18
15 18
16 10
16 7
16 6
16 3
16 18
16 6
17 1
17 20
17 14
17 10
17 10
17 7
17 13
18 11
18 5
19 6
19 15
19 13
19 15
19 8
19 9
20 2
20 8
20 9
20 5
20 13
20 2
20 50 3
9 13 15 
1 6
1 17
1 14
1 16
2 9
2 15
2 6
3 10
4 6
4 13
5 18
5 16
5 3
5 19
5 14
7 8
7 18
7 19
8 18
8 10
9 20
9 13
11 19
11 12
11 20
11 9
11 6
11 16
12 14
12 17
12 6
12 9
12 2
14 2
14 10
14 9
14 16
15 13
16 7
17 4
17 2
17 10
18 6
18 4
18 19
18 15
18 15
20 13
20 16
20 19
20 80 3
5 8 14 
1 14
1 2
1 4
1 3
1 17
1 2
2 7
2 8
3 4
3 2
3 7
3 8
3 9
3 8
4 6
4 20
4 16
5 8
5 8
5 19
5 8
5 16
6 20
6 12
6 8
6 19
6 20
6 2
6 19
6 12
6 7
6 5
7 16
9 16
9 6
9 12
9 16
9 5
9 4
10 11
10 19
10 15
10 9
10 7
10 3
10 15
10 5
11 4
11 15
11 3
11 8
11 19
11 16
11 5
11 3
11 13
12 20
12 5
12 2
13 18
14 12
14 8
14 15
14 11
15 18
15 2
15 9
15 6
16 8
17 20
17 15
17 16
17 12
17 11
17 6
17 16
18 3
18 9
19 2
20 19
20 80 3
14 18 20 
1 13
1 20
1 7
1 9
1 2
1 4
1 20
1 3
2 9
2 18
2 15
2 8
2 6
3 5
3 16
3 16
4 2
4 8
5 9
6 8
6 3
7 19
7 3
7 11
7 6
7 15
7 13
7 5
7 6
8 3
8 9
8 9
8 9
10 1
10 14
10 5
11 14
11 18
11 3
12 2
12 5
12 8
12 8
13 3
13 18
13 18
13 12
14 13
14 12
14 12
14 9
14 18
14 19
14 13
15 16
17 8
17 6
17 4
17 13
17 8
17 16
18 6
18 5
18 6
19 17
19 16
19 12
19 8
19 6
19 13
19 16
19 17
20 14
20 19
20 15
20 5
20 17
20 12
20 7
20 8
20 60 4
6 12 14 20 
1 20
1 15
1 6
1 6
1 5
1 3
2 18
2 11
2 13
2 13
3 7
3 10
3 10
3 2
3 15
3 9
4 18
4 11
5 6
5 10
5 19
5 16
5 19
6 17
6 20
6 8
6 12
6 17
6 19
7 16
7 4
7 4
8 19
9 15
9 15
10 9
11 17
11 17
11 16
11 12
11 17
13 14
14 4
14 15
15 4
16 12
17 12
18 16
18 17
19 14
19 3
19 4
19 12
19 17
19 12
19 7
19 2
19 10
20 15
20 19
20 60 3
6 10 20 
1 11
1 19
1 6
1 17
1 16
2 12
2 20
2 1
2 10
4 3
4 10
5 4
6 10
6 19
6 9
6 20
6 19
7 19
7 1
7 4
7 6
8 10
8 7
8 10
9 13
9 13
9 20
10 20
10 13
11 16
11 17
11 16
11 13
11 6
11 16
12 14
12 18
12 11
12 11
12 3
12 18
12 1
14 5
15 8
15 13
16 17
16 10
16 17
17 5
17 14
17 20
17 9
17 5
18 15
18 19
18 14
19 17
19 14
19 5
19 14
20 40 3
7 14 17 
1 10
2 3
2 19
3 19
5 18
5 4
5 9
5 13
6 19
6 9
6 13
6 8
6 17
7 5
7 12
7 20
7 13
8 17
8 13
10 4
10 7
11 19
11 16
11 19
11 14
12 19
12 5
13 17
13 18
13 15
16 1
16 6
16 5
17 14
18 15
19 4
19 5
19 18
19 15
20 5
20 60 3
6 8 19 
1 7
1 7
2 1
2 17
2 5
2 11
2 12
3 5
3 11
3 5
3 13
4 9
4 15
4 11
4 3
5 18
7 5
7 19
7 19
7 8
8 18
9 5
10 18
10 9
11 6
11 18
12 5
12 15
12 17
12 9
13 17
13 18
14 18
14 20
14 10
14 4
15 9
15 6
15 18
15 11
15 11
15 8
16 2
16 4
16 2
16 4
17 18
17 9
17 6
17 15
18 6
19 6
19 13
19 9
19 9
20 16
20 7
20 7
20 8
20 5
40 80 5
8 13 19 28 40 
1 15
1 3
1 28
2 3
3 27
4 2
5 35
6 27
6 1
7 9
7 20
7 16
8 2
8 14
8 10
9 26
11 32
11 31
12 34
12 1
12 3
12 16
13 37
14 22
14 19
15 23
15 19
15 17
15 8
16 33
17 19
17 35
18 32
18 28
18 2
19 26
21 16
22 26
23 21
23 16
23 40
23 27
23 4
24 2
24 8
24 2
25 37
25 20
25 26
26 5
27 10
27 17
27 20
28 13
29 3
29 31
29 16
29 21
29 33
29 38
30 13
31 15
32 19
32 23
32 34
33 34
33 27
33 4
34 24
35 40
35 20
36 15
36 6
36 29
37 34
38 16
38 16
38 23
38 30
38 8
20 60 10
2 3 8 9 10 11 12 13 14 18 
1 13
1 9
1 19
2 5
3 2
4 8
4 17
4 8
4 14
5 14
7 4
7 17
7 5
7 19
7 9
7 2
7 12
8 9
10 19
10 3
10 19
10 4
10 11
10 9
10 6
10 17
11 20
11 2
11 17
12 16
12 16
12 14
12 11
13 6
13 18
13 7
13 2
14 19
14 8
14 8
15 11
15 13
15 12
16 10
16 4
16 3
17 20
17 3
17 19
17 8
17 2
17 2
17 14
18 12
18 2
18 11
18 6
20 2
20 6
20 14
20 60 10
3 6 8 9 10 12 14 15 16 17 
1 13
1 2
1 3
1 14
1 4
1 4
1 20
2 12
3 18
3 6
3 9
3 4
3 2
4 16
4 16
5 1
7 6
7 3
7 19
7 2
7 20
7 15
7 2
7 18
7 17
8 3
8 18
8 18
9 17
9 18
10 6
10 4
10 4
11 15
11 17
11 9
11 3
11 20
11 17
12 10
14 8
14 12
14 15
14 7
14 6
14 9
14 3
15 8
15 20
15 13
15 13
16 20
16 6
17 4
17 12
18 10
18 4
18 20
19 11
19 8
30 60 10
3 4 6 7 20 23 27 28 29 30 
1 6
1 28
1 24
1 26
3 19
4 7
4 27
4 19
5 27
6 20
6 4
6 15
7 18
7 19
7 10
7 10
8 22
8 29
8 3
9 18
9 27
9 25
10 5
10 30
12 18
12 15
12 23
14 5
14 24
14 12
15 19
15 23
15 8
15 25
17 29
17 11
18 8
18 23
18 19
19 23
20 25
21 2
21 13
21 28
22 17
23 28
23 25
23 27
23 17
23 29
24 15
24 13
24 3
26 18
26 24
26 18
27 21
28 20
29 5
30 12
20 60 10
2 4 5 8 14 16 17 18 19 20 
1 2
1 14
2 11
2 19
3 4
3 19
3 20
3 2
4 19
4 18
4 18
4 5
4 12
4 5
5 16
5 13
6 18
6 13
7 14
7 2
7 1
7 14
7 5
8 13
8 6
9 18
9 8
9 4
10 9
10 20
11 12
11 10
11 16
11 18
12 5
14 3
14 17
14 4
14 20
14 3
15 3
15 18
15 3
15 10
15 3
15 5
16 17
16 6
17 8
17 6
17 8
17 18
18 13
19 16
19 20
19 12
20 8
20 16
20 5
20 5
20 60 10
2 3 6 8 11 15 16 17 19 20 
1 12
1 11
1 2
1 16
1 15
2 18
2 14
2 6
2 18
2 5
2 11
3 17
3 4
3 6
4 8
4 19
4 19
5 18
6 4
7 14
7 8
7 20
7 11
8 16
8 11
9 17
9 15
10 5
10 11
10 2
10 16
10 14
11 16
12 6
12 16
12 19
12 18
12 2
12 20
13 7
13 15
13 15
13 9
14 17
14 3
14 5
15 8
15 2
15 6
15 6
15 12
15 18
16 5
16 18
17 8
17 16
19 17
20 2
20 11
20 18
20 60 10
3 4 5 6 7 8 9 15 19 20 
1 6
1 20
1 14
1 4
1 5
1 18
1 7
1 2
2 17
2 14
2 3
2 19
4 9
4 18
5 2
5 4
5 10
5 20
5 12
5 19
5 20
6 14
7 16
7 3
7 19
8 7
8 15
8 2
8 14
8 6
8 15
8 7
9 11
9 6
9 18
10 3
11 3
11 3
12 2
12 19
13 3
13 1
13 16
14 16
14 18
15 2
16 10
16 11
17 4
17 11
17 10
17 7
17 3
18 7
18 16
19 10
19 16
20 12
20 8
20 11
20 60 10
2 4 7 8 11 12 13 14 15 17 
1 2
1 20
1 20
1 14
1 10
1 12
2 8
2 18
2 4
3 11
3 8
4 8
5 12
5 14
5 16
6 5
6 8
6 19
6 7
6 7
6 2
6 5
7 9
7 4
8 14
9 10
9 15
9 17
9 18
10 11
10 19
10 14
10 8
10 19
10 2
11 2
12 17
12 2
12 8
12 4
12 3
12 19
13 12
13 14
13 6
13 5
15 18
15 12
16 9
16 7
16 7
17 3
18 14
19 8
19 18
20 4
20 9
20 3
20 13
20 5
20 60 10
3 5 6 8 9 11 12 14 16 19 
1 7
1 17
1 9
1 2
2 17
2 4
2 20
2 5
3 20
3 16
3 12
4 6
4 16
5 13
5 11
5 4
6 16
7 5
7 4
7 16
8 10
8 19
8 10
8 15
9 3
9 14
10 20
10 12
10 5
10 3
10 15
11 14
11 3
11 19
11 9
13 20
13 15
13 4
14 12
14 19
15 9
15 3
15 16
15 11
16 12
16 14
17 3
17 8
17 18
17 10
17 9
17 19
18 14
18 5
19 12
20 16
20 4
20 19
20 12
20 4
20 60 10
2 3 5 6 9 10 14 15 17 20 
1 11
1 10
1 13
1 14
1 5
2 9
3 9
3 2
4 3
4 6
4 12
4 8
4 6
4 18
4 17
4 17
5 6
5 13
6 15
6 8
6 19
6 13
6 11
7 20
7 19
7 17
8 9
8 17
10 8
10 15
10 8
10 2
11 13
11 10
11 19
11 13
12 18
12 2
12 3
12 18
13 3
14 5
14 12
14 7
15 12
15 13
15 12
16 10
16 4
16 1
16 4
17 13
18 9
18 2
18 17
19 9
20 9
20 11
20 12
20 5
20 60 15
2 3 5 6 7 8 9 10 11 12 13 14 15 17 20 
1 3
1 14
1 15
2 8
2 12
3 4
3 4
3 6
3 10
3 16
3 4
4 9
4 13
4 19
4 8
5 16
5 13
6 15
6 9
6 20
6 7
7 2
7 2
8 16
8 9
10 2
10 19
10 16
10 12
11 5
11 13
11 5
12 9
13 6
13 12
13 16
14 16
14 7
14 17
14 13
14 19
14 3
14 13
14 16
15 2
15 7
15 8
15 2
15 20
15 2
16 12
16 12
16 20
17 3
18 15
18 8
19 11
19 15
19 18
20 12
20 60 10
4 5 7 10 11 14 16 17 19 20 
1 10
1 16
1 7
1 10
1 4
1 15
2 7
4 14
4 3
4 15
5 9
5 3
5 4
6 20
6 5
6 4
7 8
7 8
8 17
9 17
9 14
9 16
9 14
9 18
9 8
10 18
10 5
11 19
11 12
11 12
12 16
12 3
12 3
12 16
12 16
13 5
13 1
13 9
13 6
13 15
13 4
13 4
14 17
14 18
14 15
15 16
16 3
17 12
18 15
18 20
18 2
18 8
18 16
19 2
20 7
20 11
20 2
20 3
20 11
20 19
30 60 10
5 14 17 18 20 23 25 27 29 30 
1 5
1 15
2 18
2 25
3 25
3 4
3 28
3 20
4 25
5 6
5 11
7 26
8 7
9 3
9 26
10 30
11 16
11 19
11 14
11 12
11 18
12 22
13 29
13 6
14 2
14 2
15 2
15 10
16 23
16 23
17 8
17 20
17 23
18 25
19 27
19 6
19 25
19 14
20 2
20 30
21 30
22 20
23 26
23 14
24 2
24 22
24 10
24 28
25 29
26 22
26 21
27 28
27 18
27 17
28 16
28 7
28 21
28 15
28 13
30 14
20 40 3
20 3 10 
13 7
18 3
20 12
4 15
20 4
12 4
16 15
3 9
15 14
6 2
6 20
19 12
3 8
11 18
19 4
1 18
1 15
7 5
19 2
11 14
12 11
4 11
1 4
4 3
10 19
6 4
7 1
2 13
12 9
2 20
10 20
2 13
3 15
16 10
17 10
6 14
3 14
2 9
6 18
20 7
20 40 4
8 17 10 7 
2 12
2 12
12 14
11 5
19 8
17 18
3 15
20 4
17 16
3 6
20 9
12 11
6 9
15 16
3 13
6 2
15 4
12 1
12 9
4 9
16 1
15 2
20 3
4 8
18 16
13 9
17 19
10 5
7 6
10 17
10 20
20 4
20 11
16 19
11 16
17 1
10 12
11 13
1 8
18 20
20 40 5
19 2 3 10 11 
3 9
20 18
5 6
5 2
19 11
9 8
2 14
17 14
17 4
19 6
7 17
14 10
16 6
17 8
3 19
17 18
19 6
18 4
3 9
11 6
20 15
3 12
12 15
3 14
7 19
13 14
2 4
6 14
8 12
2 3
11 6
3 19
9 13
3 8
10 20
8 12
4 8
10 1
2 10
14 15
20 40 8
4 20 13 8 11 7 15 14 
15 13
15 6
14 1
10 9
6 17
12 9
18 1
11 8
17 3
14 20
14 12
16 10
2 19
1 13
20 16
18 19
4 2
6 12
1 19
14 9
9 4
14 1
18 20
15 4
20 16
4 2
15 3
17 10
19 7
3 2
20 12
5 14
15 18
8 6
16 1
16 2
11 15
16 1
9 13
3 20
20 40 10
5 15 3 19 18 14 13 6 2 12 
20 18
15 20
11 7
12 15
10 6
11 13
6 5
2 12
20 18
10 1
14 20
9 8
13 19
17 12
18 16
12 16
2 12
14 20
8 5
7 6
7 12
3 5
6 1
13 4
14 3
5 4
12 19
9 4
9 3
10 17
14 16
3 13
2 17
18 9
10 20
10 8
7 3
11 20
9 5
2 18
20 40 12
13 18 14 20 8 17 4 3 5 16 19 12 
1 5
15 9
4 15
12 14
5 15
16 11
15 17
16 2
16 6
8 9
17 19
14 8
16 5
2 5
3 19
16 7
6 4
3 2
2 6
12 3
18 9
10 17
11 19
2 10
6 13
6 8
6 5
5 17
13 9
18 12
9 10
7 4
1 14
7 1
6 1
11 9
4 20
5 8
16 5
12 1
20 40 15
10 11 9 12 2 6 13 14 17 7 18 8 4 5 19 
20 3
5 9
5 8
3 11
9 1
8 9
11 4
3 11
7 16
20 9
7 20
20 1
15 9
13 9
15 4
5 6
19 1
8 4
2 12
14 11
13 15
1 10
18 12
19 13
12 5
1 17
3 10
9 16
8 10
18 7
8 19
7 15
7 12
3 1
1 4
6 1
6 3
12 8
7 13
9 6
20 40 18
15 12 3 13 2 11 9 8 20 17 18 16 4 7 6 19 5 10 
9 19
15 13
1 18
15 12
20 6
16 14
11 7
4 15
20 18
1 17
9 11
6 14
15 6
8 18
10 14
5 20
12 17
4 6
9 11
10 5
8 9
14 19
11 4
2 6
16 8
16 8
5 6
10 13
12 18
11 5
8 7
4 3
13 17
20 15
16 3
7 4
2 4
20 1
20 12
9 10
20 60 3
3 12 18 
14 19
20 2
12 2
1 2
13 7
11 4
15 1
18 12
2 13
14 13
10 20
15 8
18 10
19 10
12 9
11 13
19 17
17 7
14 18
4 10
14 20
17 8
11 6
12 8
16 10
18 15
13 3
4 16
19 18
8 16
17 11
14 1
17 15
9 17
18 16
20 6
18 20
5 20
12 11
18 9
15 2
19 12
8 5
16 5
11 6
1 4
10 3
8 11
1 13
13 3
4 3
6 13
11 20
8 16
1 8
19 15
15 6
13 3
14 16
8 5
20 60 4
9 20 14 11 
18 8
17 20
1 10
19 4
6 1
1 2
5 6
11 1
15 14
4 9
5 6
6 3
4 8
19 16
8 14
11 7
11 12
4 7
13 11
8 2
14 3
19 4
20 8
13 4
18 14
6 16
5 18
12 1
8 6
13 18
8 7
16 15
4 20
3 10
7 9
1 2
18 10
6 7
6 11
19 5
7 1
19 18
4 6
8 2
17 20
13 4
14 11
19 18
20 1
13 14
13 17
13 10
15 12
13 18
19 17
11 3
6 12
5 4
11 2
18 3
20 60 5
5 6 11 15 2 
18 16
2 17
20 6
14 17
10 1
18 2
5 3
5 1
14 5
16 10
9 2
1 3
14 13
17 15
6 18
2 14
2 16
12 2
17 13
20 15
16 1
19 7
14 19
16 3
2 1
14 5
3 4
13 10
14 10
6 16
6 11
11 5
9 17
9 10
11 17
7 10
9 11
12 5
20 15
10 1
18 8
2 1
19 15
13 10
2 17
16 19
11 19
19 10
8 15
5 15
20 10
16 1
20 1
10 4
13 15
13 15
8 17
12 1
14 1
14 11
20 60 8
5 18 12 20 2 4 15 10 
2 4
2 8
10 8
18 10
12 9
2 9
15 14
9 7
20 10
3 17
19 5
4 6
3 17
6 5
8 14
20 6
9 14
10 15
7 15
7 3
16 4
6 8
3 6
1 7
1 20
16 6
16 6
13 4
2 14
13 17
19 16
11 3
10 16
11 5
12 10
10 15
2 18
19 17
13 7
2 1
18 10
19 6
4 17
20 19
4 11
20 12
13 9
11 15
9 11
12 5
13 16
4 11
1 10
9 15
16 6
16 17
4 6
12 7
17 8
2 10
20 60 10
10 2 11 14 17 13 15 7 16 9 
18 15
6 19
4 9
12 4
20 6
5 9
17 2
4 15
8 2
13 20
20 8
18 2
20 16
15 10
3 9
18 4
5 15
18 5
15 10
3 11
19 3
14 7
3 15
14 10
2 6
8 19
8 2
16 3
14 4
14 19
6 11
17 6
9 1
4 10
16 9
3 7
13 15
16 2
10 7
20 2
8 18
4 9
12 10
17 14
12 16
17 19
3 10
6 10
13 17
19 9
2 5
4 3
14 2
20 14
20 16
18 5
5 9
10 7
17 5
7 1
20 60 12
19 15 6 3 8 10 12 14 11 2 17 16 
13 10
5 6
13 7
13 8
11 10
4 11
17 6
13 20
15 6
3 4
17 8
4 8
18 19
3 19
3 9
12 4
15 1
1 18
13 17
7 19
2 8
18 16
1 4
10 5
18 17
10 7
3 17
9 5
4 6
15 9
9 10
7 20
8 14
7 19
16 14
17 7
15 12
18 6
2 12
5 16
6 7
3 11
11 18
20 8
15 3
1 2
3 2
3 16
2 4
4 11
20 14
1 10
2 16
13 2
9 10
6 19
11 10
1 6
18 16
18 8
20 60 15
17 20 13 12 18 7 10 9 19 5 15 8 3 11 14 
12 19
20 14
15 6
12 18
6 10
9 10
16 5
13 7
9 2
10 20
12 4
13 2
1 19
4 9
12 3
10 14
12 16
11 5
6 2
15 14
17 5
20 13
1 14
4 11
4 10
16 4
14 17
18 9
8 7
3 7
19 2
18 19
7 1
1 17
20 1
8 15
18 16
3 15
8 17
10 1
11 9
6 20
9 8
7 5
9 1
6 14
16 1
18 19
11 1
13 14
16 1
20 19
16 3
8 1
3 9
10 19
18 1
19 2
8 19
11 17
20 60 18
18 17 2 7 4 3 8 19 9 10 20 12 15 14 16 5 6 13 
4 20
19 5
7 5
12 1
19 10
3 20
5 18
14 2
5 17
8 9
17 9
16 8
17 9
8 2
8 10
20 2
19 9
20 6
16 4
2 18
6 13
3 2
3 11
15 6
6 5
14 1
7 20
19 4
14 2
15 14
18 11
12 6
17 2
19 8
14 2
13 5
12 14
1 5
6 2
3 13
10 1
6 13
15 6
10 5
7 12
4 10
14 10
14 1
8 10
19 6
16 18
16 9
2 9
14 16
10 5
8 17
13 18
12 13
14 2
15 4
40 80 3
19 40 31 
30 40
29 3
1 3
33 15
36 17
6 5
33 14
5 27
11 37
26 2
16 29
9 16
33 30
10 25
13 37
17 33
2 35
1 5
29 37
33 18
29 24
7 14
11 27
37 22
12 17
10 40
26 15
26 18
24 11
16 26
28 38
35 7
26 28
30 40
23 17
29 4
35 37
3 19
11 25
13 31
16 26
29 14
27 13
16 11
23 10
39 15
22 32
39 4
29 6
4 19
7 34
39 24
26 7
38 12
14 5
4 2
33 11
18 35
28 40
19 23
6 18
9 25
9 20
29 17
23 38
15 30
33 2
6 11
25 2
1 16
9 37
20 28
17 30
36 27
8 24
11 18
1 34
13 30
7 22
39 30
40 80 5
7 19 31 23 17 
36 5
7 27
20 13
32 37
7 1
35 12
33 30
22 23
10 9
22 34
12 10
17 33
26 24
10 15
3 12
18 9
7 26
5 28
9 30
4 38
30 19
33 27
21 2
16 38
23 17
35 27
33 18
14 34
31 5
13 39
4 32
35 16
7 30
37 15
16 15
38 17
4 31
4 14
13 32
34 33
21 4
7 18
20 13
23 26
17 8
25 31
29 35
1 9
6 2
15 28
7 39
2 27
26 36
34 9
14 25
1 15
6 38
27 1
5 17
21 38
23 27
20 35
3 27
6 25
16 8
7 1
37 31
11 27
10 38
23 12
23 34
2 30
22 14
16 38
10 18
12 13
11 39
29 35
21 40
36 13
40 80 10
17 8 16 40 2 39 34 6 27 4 
34 17
25 20
23 25
40 26
9 1
37 31
12 14
35 9
33 31
39 3
39 38
7 31
33 3
24 4
16 2
37 25
9 40
36 17
2 27
20 31
9 11
18 19
39 28
20 13
19 21
29 34
33 14
26 38
28 13
12 9
1 10
31 4
15 28
18 21
28 35
1 17
25 15
40 10
6 24
6 30
18 5
27 38
22 19
7 13
8 26
9 34
20 7
23 9
25 13
23 35
28 36
39 37
27 31
20 30
27 17
15 31
21 28
29 5
1 3
39 37
18 20
11 8
5 22
32 14
7 15
25 7
16 27
37 2
9 2
34 16
32 13
30 13
20 1
6 8
36 13
19 25
22 10
23 2
39 7
11 27
40 80 15
6 28 10 9 35 3 34 36 4 33 26 30 31 5 16 
5 27
33 12
12 11
13 31
27 7
9 1
9 15
32 18
16 9
18 20
11 13
7 40
27 9
17 35
26 24
37 2
28 8
4 11
11 3
12 6
34 38
28 37
19 25
25 32
21 15
2 11
8 31
10 12
4 1
17 13
39 13
7 24
27 37
10 40
14 1
14 19
23 4
1 19
21 34
25 28
2 33
14 4
32 29
23 9
22 25
25 15
1 37
24 8
18 35
28 10
22 2
19 37
35 29
27 32
27 33
13 31
16 15
10 13
38 31
5 32
23 16
30 34
23 32
26 23
28 24
6 3
2 15
9 31
39 14
10 33
27 24
37 29
19 13
32 12
21 5
4 16
14 34
23 4
22 1
2 30
40 80 20
32 21 10 23 12 28 13 39 22 19 9 11 5 16 38 6 24 3 29 25 
36 2
39 9
6 32
5 36
2 17
13 10
20 24
24 2
37 19
35 1
30 23
24 13
4 14
12 10
28 21
1 17
40 23
4 35
33 20
20 32
35 12
6 38
33 1
30 28
19 35
31 2
29 1
31 25
29 9
23 20
1 18
25 7
25 15
2 7
16 15
11 10
9 19
35 32
16 23
39 34
30 28
36 34
9 13
11 20
36 9
31 11
2 9
4 30
33 3
40 28
20 22
1 6
24 21
21 10
29 20
22 9
32 28
39 18
4 9
17 38
7 17
30 13
40 30
24 19
35 3
14 3
8 26
19 13
29 3
15 36
15 14
11 13
37 19
26 35
40 39
9 26
40 10
16 18
10 18
11 13
40 80 30
34 15 38 5 16 4 17 30 6 27 24 7 33 9 37 11 23 25 35 14 19 31 2 12 8 26 21 39 40 18 
39 32
5 6
38 2
1 30
1 39
6 1
31 38
28 4
18 36
16 29
25 33
17 2
16 17
3 20
9 23
10 24
21 27
3 28
35 12
3 1
31 11
20 1
1 33
16 2
33 37
9 12
18 11
32 8
20 18
12 10
14 29
13 8
19 20
1 11
5 3
39 13
16 12
16 1
34 38
5 36
30 37
38 18
27 37
36 29
11 27
24 31
30 37
21 20
5 29
7 14
12 36
8 23
30 8
13 32
9 20
16 23
26 18
31 33
14 25
13 14
2 39
1 10
13 22
9 36
9 14
15 16
5 37
8 33
6 18
21 25
26 32
4 18
1 8
35 24
7 37
7 19
19 4
4 13
37 22
17 24
40 80 39
39 31 20 17 24 34 7 22 3 16 5 25 26 12 8 27 40 2 35 18 38 28 11 30 32 6 15 14 29 21 33 13 10 37 23 9 36 4 19 
24 13
21 9
37 12
11 5
3 40
1 4
31 18
40 30
39 30
2 16
22 18
19 29
20 29
16 24
19 11
23 40
26 29
33 38
36 14
25 10
23 12
15 9
32 35
24 29
28 15
40 30
34 24
18 24
24 19
22 20
3 39
37 36
27 13
14 19
18 7
35 34
13 36
26 31
13 5
2 39
22 1
35 23
6 26
30 11
15 25
2 13
27 9
40 15
32 21
36 8
26 12
15 18
21 10
29 11
26 23
30 29
15 30
16 31
2 7
12 36
15 12
6 40
5 8
31 27
25 4
6 40
28 12
31 4
33 40
24 19
13 39
6 27
9 24
36 4
28 15
7 8
17 3
36 1
28 2
29 8
40 100 3
20 4 5 
22 16
1 32
25 2
40 39
18 28
7 39
9 3
38 8
21 8
37 33
11 28
32 11
25 28
39 11
27 30
3 27
29 27
6 35
34 14
3 12
37 35
30 38
6 35
4 3
40 23
40 19
2 1
16 5
27 37
29 30
2 36
30 33
21 5
22 17
15 29
15 14
9 13
14 27
35 31
21 29
25 31
40 15
36 5
9 20
40 22
25 17
22 28
30 1
27 31
40 8
2 10
15 25
13 15
33 19
14 29
39 1
20 26
38 23
13 19
30 35
2 23
15 23
34 36
5 14
25 17
36 37
26 15
3 29
32 28
39 28
27 19
34 10
12 16
25 14
4 9
2 18
31 24
10 5
20 27
13 16
36 10
23 18
14 39
6 2
20 16
40 20
20 27
2 35
20 34
39 37
12 32
29 27
26 22
40 9
25 29
6 10
24 18
17 14
20 37
22 17
40 100 5
21 20 14 28 11 
15 38
23 11
24 11
23 32
27 12
34 26
15 24
6 3
37 9
18 20
18 17
29 19
40 35
30 8
1 6
11 16
6 13
22 2
37 11
5 16
25 37
1 32
23 40
9 35
14 38
24 6
22 10
28 7
21 4
9 10
21 33
29 37
2 18
5 32
26 9
8 9
6 39
18 31
12 30
30 36
26 35
15 22
29 16
11 39
26 17
23 17
26 40
24 36
28 14
32 21
40 12
13 17
29 34
6 12
38 27
40 20
36 5
15 29
35 31
9 39
8 21
3 34
19 20
31 39
8 31
26 28
20 27
30 4
1 33
22 5
36 17
14 18
39 21
14 35
25 32
33 10
38 16
13 38
17 25
30 21
23 25
37 7
15 39
13 26
34 25
40 8
22 7
15 28
3 8
18 31
13 5
24 21
2 35
3 16
14 9
32 9
15 37
14 20
14 32
1 33
40 100 10
27 6 8 23 40 30 7 21 24 28 
33 4
34 38
13 33
18 6
32 13
23 26
39 8
21 3
13 23
18 19
40 26
21 29
4 7
7 18
17 4
7 24
6 34
9 34
36 7
22 23
1 34
19 34
17 36
11 31
20 8
34 28
32 10
36 35
15 20
18 39
11 40
30 24
12 21
28 38
29 20
19 26
23 18
12 13
15 26
7 5
26 9
24 35
13 29
13 27
16 2
6 25
7 26
16 2
16 13
37 13
33 6
35 15
40 21
4 26
25 31
20 10
39 28
28 29
33 22
13 20
12 13
21 22
1 33
26 5
7 18
27 1
18 5
17 27
22 4
22 23
25 3
8 14
38 14
1 40
37 19
19 29
25 35
40 9
13 31
16 9
29 2
23 18
33 25
6 3
28 29
27 30
16 11
39 28
26 10
1 28
37 40
39 35
1 7
27 6
30 26
12 39
25 31
17 27
30 5
37 4
40 100 15
18 17 5 12 38 13 15 19 11 24 31 28 9 8 20 
22 32
2 33
40 34
34 35
39 28
19 23
39 5
29 4
22 9
26 4
11 6
2 3
6 17
20 32
16 25
30 18
36 10
38 12
14 6
17 28
26 22
21 25
32 23
3 35
31 27
23 15
32 29
10 35
29 25
5 2
28 8
12 29
31 29
35 23
28 33
5 12
19 27
1 33
17 25
26 14
25 1
13 29
14 21
37 18
18 2
34 37
29 18
3 33
39 18
19 17
14 28
30 3
34 13
9 19
34 21
20 23
17 34
38 21
31 8
11 16
17 33
31 40
31 7
6 7
26 18
24 26
21 36
28 2
4 30
27 32
36 15
26 14
39 12
31 6
29 10
32 11
24 10
15 1
19 11
6 33
16 7
24 22
28 2
25 8
36 35
14 28
29 23
6 15
10 28
7 15
10 23
27 20
16 25
14 17
30 37
17 3
12 2
30 36
7 13
24 16
40 100 20
2 33 34 27 16 22 3 5 17 23 8 14 13 28 4 24 6 32 21 19 
15 32
12 27
34 6
5 21
21 35
13 10
28 33
34 35
9 25
4 38
2 35
29 36
1 32
34 39
4 6
10 26
22 12
15 17
13 23
34 4
30 12
28 22
13 14
2 26
34 35
40 16
40 18
10 12
40 31
30 34
39 3
25 29
38 17
17 21
33 22
4 27
1 37
34 3
13 6
34 12
21 8
4 9
29 10
33 39
30 25
23 25
19 29
9 1
26 36
30 24
17 11
33 31
20 26
2 30
36 31
27 5
26 38
5 17
21 40
3 18
7 35
15 40
11 32
37 7
3 19
30 26
5 24
27 14
32 35
12 20
24 16
20 35
7 39
30 39
34 1
39 14
38 18
23 36
4 23
30 32
3 24
4 7
14 40
38 6
7 6
20 40
27 24
7 32
33 2
39 31
13 31
29 16
3 29
33 37
7 16
15 20
5 6
22 15
13 38
13 14
40 100 30
4 16 40 15 38 11 12 19 10 35 34 21 37 29 27 18 30 9 23 22 13 7 33 28 20 32 31 8 26 14 
24 4
11 28
31 20
13 9
31 3
23 18
23 2
13 12
1 3
28 7
30 20
37 25
1 23
9 6
1 15
15 23
3 21
1 16
24 36
30 7
11 2
12 34
30 16
27 7
20 12
2 18
10 5
20 3
10 30
19 38
24 31
33 31
9 16
2 5
16 15
35 20
37 19
21 19
12 22
22 26
16 28
27 29
6 27
3 39
9 6
16 4
30 9
15 29
35 15
30 27
29 39
29 22
35 13
9 18
4 12
10 7
12 8
14 36
3 38
4 23
23 36
6 21
24 31
40 28
19 25
37 13
14 15
5 27
6 26
25 26
21 26
36 27
19 26
11 34
27 25
29 21
38 32
38 25
30 27
15 34
10 2
20 36
1 31
15 24
1 38
36 3
2 40
37 34
16 21
37 40
36 40
16 11
1 24
18 21
3 39
23 18
3 39
6 23
18 33
1 30
40 100 39
13 22 24 4 19 15 20 5 28 3 27 18 9 10 21 11 34 23 40 31 39 26 7 12 2 17 16 37 33 14 38 35 36 29 30 8 25 6 32 
23 27
32 20
18 7
31 22
38 25
4 35
23 29
5 34
6 9
17 21
18 7
4 30
21 15
29 4
18 4
31 29
37 21
21 29
36 15
1 24
4 1
30 5
40 17
12 21
38 37
13 18
9 13
30 34
22 7
7 38
25 26
7 38
18 8
28 20
12 24
27 12
2 10
40 12
23 30
31 6
28 4
3 5
13 35
30 34
10 31
32 25
12 16
25 35
39 16
13 22
37 24
11 35
31 35
26 30
20 17
37 14
39 35
10 30
22 12
39 1
32 28
18 15
27 5
17 7
28 22
2 34
10 19
31 38
27 19
26 34
26 14
36 23
3 30
23 33
12 25
20 22
22 37
28 33
25 35
9 15
2 17
37 39
23 18
17 36
28 24
38 27
33 11
14 5
7 21
9 24
32 11
20 33
20 40
40 21
35 5
28 7
1 24
13 4
2 33
31 22
20 40 3
2 10 9 
4 12
20 2
5 11
12 9
1 2
8 7
4 9
14 16
10 6
15 16
17 18
18 14
11 15
3 18
1 10
17 9
2 13
18 20
7 13
14 6
17 14
5 13
18 13
10 15
6 12
13 9
1 7
18 7
19 7
7 20
20 2
17 3
12 15
5 7
2 10
11 15
19 12
19 1
4 15
11 20
20 40 4
14 17 11 20 
2 5
15 13
12 16
12 19
18 4
2 17
17 20
18 11
5 8
15 12
20 10
3 13
1 7
4 20
2 6
14 15
9 1
9 18
1 4
5 18
12 5
13 12
8 9
10 19
1 18
9 16
17 13
9 1
10 11
15 17
14 1
15 3
2 20
3 10
18 11
4 10
4 11
7 6
13 6
20 6
20 40 5
12 8 18 6 15 
15 11
12 10
11 2
5 10
8 10
3 16
6 4
12 8
10 7
1 4
2 8
11 16
8 5
8 17
13 5
18 4
4 5
2 16
11 13
13 16
9 18
19 6
4 11
18 12
20 15
3 10
1 14
12 14
8 16
2 3
8 3
6 15
6 4
8 10
5 7
9 4
4 13
18 11
8 13
17 14
20 40 8
4 17 8 12 2 3 14 19 
17 16
12 18
16 6
13 10
4 19
10 6
2 5
6 9
1 4
20 3
4 11
16 9
6 11
8 15
12 16
17 8
7 4
18 6
19 5
7 18
10 3
14 15
2 17
13 14
6 15
8 4
1 10
13 3
13 19
16 10
6 4
17 19
7 4
6 14
18 15
15 20
8 6
7 16
17 18
2 18
20 40 10
19 6 20 3 10 14 13 4 18 17 
17 12
18 20
12 18
12 3
17 1
3 2
7 5
14 6
2 15
6 5
4 8
7 10
3 20
7 19
15 1
12 20
20 15
7 11
13 19
9 11
6 1
2 13
11 19
7 20
12 4
4 18
12 15
17 3
17 20
20 9
9 10
3 11
12 7
5 18
14 18
7 6
11 13
7 3
20 9
20 10
20 40 12
17 20 4 19 9 11 3 5 18 13 6 8 
20 14
7 8
4 1
8 15
18 11
5 15
2 19
4 3
3 5
19 12
7 5
18 5
15 11
12 1
18 9
16 8
8 1
6 5
14 4
15 10
9 14
17 9
18 17
14 4
14 4
8 1
14 15
17 15
7 10
3 8
2 10
4 6
4 2
13 7
8 2
6 12
8 5
20 12
8 12
14 1
20 40 15
16 7 4 10 5 15 3 12 11 17 14 2 18 8 20 
1 5
13 9
2 1
15 6
18 12
16 14
8 5
18 9
13 16
4 5
19 6
12 8
9 3
2 10
4 13
16 15
19 8
1 8
20 14
14 18
14 15
8 17
16 15
2 1
4 3
18 12
13 5
8 7
3 5
12 7
10 18
17 6
10 12
2 10
9 15
13 9
17 6
14 19
2 18
13 19
20 40 18
14 16 9 12 10 13 11 17 5 19 15 8 20 6 7 18 3 4 
10 12
20 5
6 20
6 10
11 8
7 17
15 10
1 5
1 11
13 6
1 16
1 19
19 14
19 6
5 9
3 10
15 19
14 5
19 20
10 8
13 17
6 18
2 20
15 3
1 5
18 5
16 20
12 9
14 20
15 7
2 3
13 8
11 16
14 16
7 8
17 6
15 18
2 16
4 1
19 5
20 60 3
19 11 8 
1 9
4 16
8 1
8 17
16 13
4 18
19 20
8 7
19 14
19 10
20 11
16 3
5 7
15 5
20 17
16 9
8 2
18 8
17 7
14 9
13 5
11 9
6 15
2 10
13 14
14 5
2 16
4 5
2 14
15 16
12 2
17 2
6 16
7 1
8 20
4 17
11 14
6 3
2 15
2 15
6 9
10 3
3 9
4 13
18 2
18 20
12 13
2 10
10 5
20 9
11 10
2 11
13 5
12 18
18 20
6 12
12 9
19 13
18 16
18 16
20 60 4
11 13 10 18 
17 19
7 1
4 6
2 3
5 20
16 3
10 3
2 20
10 3
16 19
4 19
2 8
12 20
7 17
19 14
5 3
12 17
15 14
8 9
13 20
15 16
17 3
16 14
10 8
15 1
13 7
14 11
11 1
3 6
2 7
18 11
20 4
13 17
17 3
12 4
7 16
18 14
2 4
4 3
18 17
2 13
10 14
7 11
7 8
10 7
17 16
13 3
18 11
12 6
20 18
15 1
5 17
2 18
7 9
7 20
4 11
15 13
15 19
17 4
5 1
20 60 5
11 13 10 9 8 
3 4
8 4
8 19
5 17
2 6
20 8
20 7
20 9
13 5
18 6
19 9
4 9
9 11
1 9
4 19
6 11
18 8
5 14
13 15
10 19
18 5
17 8
6 4
7 5
15 20
9 12
5 8
8 12
14 10
20 14
13 19
20 10
20 17
3 7
14 8
2 14
18 16
18 7
9 12
2 13
1 15
10 8
1 2
12 16
8 19
20 8
20 5
4 11
2 11
8 12
1 18
1 7
14 10
15 11
2 9
6 10
1 18
5 8
15 5
2 5
20 60 8
11 16 6 10 9 12 19 18 
6 2
14 3
8 6
18 1
16 20
6 14
15 2
15 17
7 18
4 18
14 20
2 10
6 10
19 11
1 15
11 10
14 18
4 20
8 15
16 3
16 8
10 3
9 13
3 5
12 7
19 15
14 3
16 13
6 12
16 15
11 10
3 5
6 1
15 5
14 2
16 10
7 19
4 12
14 18
3 13
1 17
18 19
2 9
7 13
8 9
7 2
11 3
19 2
19 10
7 2
11 15
16 8
12 7
20 2
16 11
15 9
19 17
20 13
11 5
16 13
20 60 10
20 16 15 19 14 6 12 7 18 4 
6 14
6 19
7 3
16 7
13 8
16 13
12 1
1 7
16 3
19 14
11 9
15 12
20 17
2 4
6 16
7 13
4 18
11 9
12 4
16 10
1 13
2 18
15 18
7 8
12 19
17 9
10 18
14 13
2 3
11 5
11 3
11 15
6 15
9 18
9 1
5 10
18 7
17 4
2 5
18 14
17 8
12 8
15 19
7 14
11 18
11 20
10 18
17 10
10 4
1 19
17 12
7 3
17 6
6 4
11 2
6 15
10 14
16 19
11 1
17 1
20 60 12
8 14 4 12 7 3 5 18 9 20 11 17 
16 5
6 20
9 13
14 11
20 4
16 5
3 15
6 4
2 12
16 18
17 14
19 2
20 10
8 11
20 4
8 12
11 4
8 2
16 14
2 14
1 5
19 11
16 18
7 17
5 17
3 9
1 3
3 2
10 9
12 7
12 10
16 4
10 7
13 4
20 10
16 3
6 10
12 13
3 7
20 1
12 10
15 18
8 3
18 14
15 19
6 20
18 9
16 2
8 6
18 11
20 16
7 13
8 10
7 13
3 7
14 9
1 4
18 14
16 7
8 17
20 60 15
14 8 6 13 10 16 5 11 15 4 9 12 19 3 7 
13 7
16 10
3 8
1 10
14 19
6 14
14 11
8 15
4 17
2 1
8 6
5 1
13 7
2 13
7 11
4 1
6 19
5 4
16 11
10 13
14 19
10 7
16 15
14 9
17 10
5 11
9 16
1 7
4 16
5 13
19 16
17 9
11 20
5 17
16 11
19 5
2 3
16 18
8 7
2 10
4 20
2 8
14 4
2 13
19 16
17 13
10 20
4 17
9 15
3 11
2 11
9 11
15 7
19 11
12 1
1 17
8 19
3 8
10 15
17 11
20 60 18
16 12 17 13 15 19 4 20 2 5 6 3 7 18 14 11 8 9 
9 3
13 16
9 8
2 14
20 19
15 18
2 12
10 7
5 8
13 7
4 19
2 10
3 2
8 1
3 4
20 12
17 13
7 1
8 6
10 12
2 16
17 20
4 6
13 1
5 17
19 2
8 20
14 15
19 18
14 12
13 1
6 13
8 4
7 11
19 1
9 18
19 13
10 13
5 12
3 5
4 10
3 17
7 1
16 18
3 18
3 7
17 15
5 7
2 1
4 1
8 12
5 4
5 18
14 6
12 16
19 15
17 19
12 15
15 18
4 16
40 80 3
39 37 34 
38 2
26 22
29 25
30 2
27 37
12 3
27 19
19 29
1 34
35 30
5 27
19 32
4 2
12 28
36 26
15 33
28 5
33 21
3 31
13 1
6 33
36 15
15 22
8 14
30 32
33 10
6 28
13 16
17 1
37 24
23 6
22 4
11 4
5 32
38 34
31 19
24 8
11 31
26 33
35 39
24 29
3 40
35 7
2 13
13 3
14 13
36 10
9 21
15 34
8 38
30 12
33 9
27 20
11 29
21 8
18 12
17 15
5 1
15 23
33 14
36 33
21 12
21 11
36 14
21 27
17 4
33 31
32 20
17 26
9 35
17 15
22 28
30 1
6 12
36 35
12 5
2 32
32 1
39 12
23 22
40 80 5
13 26 35 33 19 
7 24
36 10
40 36
38 14
15 1
22 5
26 8
19 5
4 39
6 29
30 20
18 36
18 5
35 30
20 37
8 17
13 32
28 37
2 1
9 19
29 9
22 12
34 35
35 14
17 11
10 3
24 18
29 39
19 2
27 35
7 12
40 2
12 9
26 3
27 36
30 32
33 17
34 13
19 38
2 16
24 19
24 25
22 13
28 16
35 18
7 40
32 3
3 9
18 14
32 10
10 25
14 23
8 36
18 23
31 5
35 7
12 26
28 1
34 3
3 25
10 11
4 39
18 32
15 8
15 36
29 4
38 23
32 17
39 20
40 1
36 30
1 37
26 30
29 18
12 11
15 22
23 37
6 33
6 17
29 21
40 80 10
31 19 23 22 20 3 9 40 34 7 
26 16
31 26
34 13
36 22
8 13
10 18
11 23
5 23
16 7
37 29
38 34
2 1
24 13
34 10
17 25
30 10
40 21
37 23
15 21
1 10
6 33
1 7
21 25
38 23
34 39
26 10
31 37
13 25
40 25
10 20
20 15
10 39
2 6
24 18
38 37
5 40
12 31
36 32
11 12
32 35
30 27
28 21
28 8
13 35
35 5
40 10
13 14
24 21
16 25
33 22
27 28
38 2
27 4
27 25
13 14
22 13
13 18
11 15
27 35
7 21
19 29
34 29
31 29
6 34
2 3
20 21
26 8
24 22
20 16
22 26
1 12
36 15
3 4
2 24
22 1
18 20
37 13
34 16
40 17
30 20
40 80 15
2 29 31 15 28 14 3 39 34 26 18 16 5 40 36 
30 38
3 10
25 18
17 27
12 36
33 11
3 24
13 29
31 2
6 13
2 36
8 29
19 31
31 3
4 34
26 11
2 1
15 33
21 16
40 10
16 8
5 4
27 16
10 27
18 21
34 26
35 32
29 35
28 18
18 9
12 1
25 28
5 37
20 33
9 27
18 21
12 19
33 39
3 28
39 2
3 22
11 17
36 40
23 12
23 11
25 2
4 29
24 40
37 20
15 4
7 40
13 21
40 16
30 7
17 31
11 22
3 6
20 8
12 3
34 7
11 32
34 7
15 38
30 8
18 22
14 36
16 1
23 36
23 32
39 38
12 16
31 10
7 18
26 11
1 38
34 11
26 37
35 22
2 18
7 12
40 80 20
5 36 3 38 11 13 31 34 16 25 39 40 18 19 28 8 24 15 7 12 
23 13
10 24
2 35
26 28
13 20
21 36
22 4
12 34
28 7
18 3
26 31
26 10
40 6
32 36
22 24
11 28
2 20
33 24
4 29
12 20
8 4
19 37
20 1
20 32
11 18
33 4
33 34
32 37
15 35
34 3
16 35
8 20
17 20
26 35
39 13
16 22
5 20
9 29
23 18
25 16
24 38
4 6
9 35
6 5
16 9
12 25
8 35
27 28
12 14
22 23
18 26
19 7
7 38
6 2
29 15
39 10
30 12
19 22
11 8
32 34
21 25
2 37
30 34
22 14
26 37
3 15
20 14
34 15
12 32
23 34
26 40
17 38
20 36
30 7
16 23
28 1
33 20
28 14
6 10
27 13
40 80 30
15 37 9 10 14 35 7 20 21 23 28 33 6 38 19 26 25 27 29 24 8 31 40 22 11 2 30 5 3 4 
18 1
11 35
19 21
17 25
13 16
38 10
31 24
31 1
27 16
37 16
20 12
24 35
37 32
27 38
22 38
16 11
16 40
13 9
20 34
32 33
14 4
23 11
40 39
3 9
20 13
30 34
17 6
27 31
20 7
12 30
33 23
23 28
7 25
23 18
15 9
1 24
12 17
2 35
26 3
10 26
20 38
8 28
15 18
34 17
1 38
23 8
15 22
22 31
2 11
13 40
37 25
2 5
13 35
17 32
37 12
35 9
3 8
5 19
7 38
20 30
31 38
32 15
30 29
35 6
29 33
37 20
27 34
25 1
13 10
4 32
15 25
40 19
7 13
14 18
33 6
33 5
34 5
33 31
18 38
14 40
40 80 39
28 14 9 33 32 2 34 21 30 5 36 27 6 37 31 19 3 29 26 24 20 25 8 38 40 15 39 16 13 12 11 10 22 17 4 18 35 7 23 
36 7
27 28
9 12
27 26
6 12
7 38
33 10
30 35
14 21
13 18
7 2
26 31
37 26
3 9
16 38
7 26
3 32
20 25
35 28
35 29
34 17
40 19
17 23
2 30
6 24
5 6
20 18
36 20
8 4
16 17
31 2
40 5
2 11
38 18
39 27
35 1
19 27
15 22
21 39
17 40
9 7
13 22
32 39
7 4
37 28
39 24
20 40
38 32
40 19
40 4
2 5
13 11
9 31
23 30
17 25
37 2
15 13
39 34
20 24
17 27
37 19
9 19
8 9
11 29
39 34
17 15
2 4
16 4
21 39
4 29
14 23
18 27
31 35
9 19
34 37
7 32
15 12
35 1
9 31
28 33
40 100 3
28 27 38 
11 4
14 30
40 32
22 16
1 4
1 20
23 18
39 36
32 33
2 10
27 17
20 23
37 13
10 15
4 33
40 11
37 30
21 7
40 37
6 16
19 25
11 39
7 31
19 33
9 2
29 9
11 6
19 11
14 24
35 7
22 21
11 14
22 16
40 10
14 24
32 11
18 33
37 31
37 25
29 25
22 7
25 14
18 39
27 28
2 16
28 4
30 2
20 33
35 1
31 9
23 12
5 20
15 3
1 20
24 10
6 25
16 26
29 39
8 24
23 36
18 10
39 22
35 34
4 16
29 4
37 10
23 26
25 39
34 20
19 33
21 15
11 31
27 22
15 26
8 36
28 37
32 18
23 37
31 2
28 30
33 15
6 14
40 12
40 8
13 4
2 16
17 8
18 7
9 15
29 11
34 13
22 17
8 3
13 31
13 11
25 14
14 31
23 21
29 17
1 10
40 100 13
21 38 2 5 3 39 16 20 23 11 12 18 6 
15 3
13 20
30 16
27 21
16 5
15 11
12 23
32 38
36 14
17 13
35 33
18 2
32 10
22 25
11 35
24 17
39 33
31 14
40 15
25 14
39 30
23 3
36 20
29 24
36 35
6 8
29 3
20 35
31 26
7 29
23 5
10 15
9 35
10 16
19 18
19 2
17 39
15 29
1 9
35 4
6 17
16 12
25 20
17 19
12 28
33 38
8 4
23 21
34 35
20 26
10 34
27 32
10 7
18 25
17 2
15 25
32 30
7 4
18 13
29 38
7 31
21 4
24 8
31 14
37 29
13 22
17 19
33 2
18 30
9 34
31 5
40 18
26 38
10 7
11 24
19 16
31 13
33 26
6 19
23 35
22 23
19 21
39 18
31 35
10 9
12 13
10 31
38 2
5 21
37 16
35 33
2 14
3 8
40 8
1 4
22 5
13 38
25 23
11 12
16 35
