100
100
52 53
62 83
31 37
92 35
59 46
4 30
56 35
35 64
64 94
31 26
49 1
28 67
85 34
49 71
14 23
15 36
78 16
93 10
78 27
21 35
63 37
14 67
37 90
23 20
24 48
30 97
99 45
4 96
31 54
1 89
60 93
31 78
72 37
40 38
99 59
91 69
53 42
40 6
56 26
14 24
75 3
83 50
78 95
8 87
92 87
8 100
93 3
17 76
67 79
92 38
81 63
89 58
81 62
53 13
96 12
80 18
11 19
19 2
52 69
24 73
91 64
4 78
1 47
72 35
98 44
88 49
56 12
74 99
88 39
76 78
81 92
36 65
49 80
22 88
34 9
78 28
18 39
11 61
38 42
68 34
83 82
24 85
44 40
71 82
21 34
4 10
40 78
11 82
15 45
34 28
24 37
31 46
85 3
12 18
53 19
77 89
51 8
16 70
74 47
45 61
100
89 75
29 89
20 80
5 37
98 49
55 30
40 70
100 6
90 2
86 91
81 28
39 62
72 48
15 6
7 72
10 76
97 91
38 33
48 62
40 50
7 30
13 66
39 33
63 14
42 36
23 92
92 52
1 98
38 16
98 17
29 83
98 99
99 46
98 50
49 64
88 74
48 92
32 26
79 98
21 90
61 38
24 79
71 57
88 52
9 97
100 24
10 96
13 75
17 36
42 13
1 13
92 36
31 34
93 26
6 29
14 39
99 37
49 72
87 65
64 92
74 15
82 70
32 50
97 27
34 32
54 89
29 58
1 8
27 33
68 8
79 5
89 40
45 72
77 82
90 82
32 62
87 58
59 99
33 35
5 59
37 3
77 38
10 32
74 43
39 97
52 78
37 95
70 49
45 18
49 53
82 1
4 87
37 57
73 47
92 29
95 52
40 93
47 17
66 52
76 36
100
9 74
30 39
6 88
55 7
16 82
93 21
73 69
66 34
45 10
20 79
41 97
67 29
62 78
54 9
71 61
14 27
36 12
13 84
25 53
10 57
43 77
28 50
65 85
43 51
61 15
25 54
28 87
94 62
15 73
47 26
80 50
33 68
24 31
2 4
14 21
15 27
36 87
66 1
36 70
95 7
13 64
25 49
70 92
31 47
96 1
77 96
66 89
92 41
86 20
83 45
71 55
22 45
64 76
94 48
27 20
1 29
75 76
43 48
72 16
97 70
1 42
61 41
74 73
70 51
70 84
1 38
2 21
89 80
96 82
79 44
19 76
85 45
15 86
16 53
99 27
31 96
42 26
82 94
90 59
55 11
98 99
93 67
46 88
19 74
99 66
20 53
24 4
38 43
13 84
40 48
28 50
70 84
98 12
71 30
47 22
83 41
25 80
62 74
38 92
73 95
100
36 26
48 32
28 97
19 45
66 80
33 71
64 44
66 54
26 24
40 41
61 67
64 95
54 9
78 15
8 16
82 23
88 96
88 39
93 44
2 71
9 31
76 67
87 93
18 1
5 55
50 30
11 28
9 55
33 81
56 89
94 44
67 80
45 27
74 13
33 62
90 94
52 3
60 13
75 92
98 88
94 4
74 31
48 68
58 98
16 85
68 44
15 31
12 43
23 89
65 55
81 26
60 78
37 79
22 60
31 39
50 4
54 64
73 34
36 24
50 85
90 80
70 4
24 77
52 40
81 85
3 56
92 50
22 66
92 3
29 68
98 66
6 68
58 88
84 47
52 27
86 28
48 37
35 1
43 99
88 48
11 6
9 26
8 34
19 49
96 77
91 54
52 30
11 3
65 97
89 5
74 62
96 52
94 31
95 45
92 31
71 32
73 61
44 36
74 70
31 56
100
7 54
3 15
83 4
30 82
4 99
49 36
33 79
34 63
35 93
56 9
29 64
8 41
80 68
95 67
77 48
68 58
76 70
80 60
85 99
32 14
56 82
27 79
28 97
91 90
79 94
79 81
59 48
71 30
86 37
27 72
81 86
60 86
66 82
43 16
78 5
42 24
3 2
42 66
86 22
85 75
91 14
48 14
1 87
92 37
35 77
18 19
35 42
15 54
2 19
25 78
56 63
26 38
36 47
87 97
71 10
27 44
71 100
65 81
31 25
37 71
95 5
37 93
37 13
87 65
23 62
8 3
30 19
39 66
95 56
74 63
19 87
7 21
75 99
49 87
36 100
79 94
53 75
35 89
96 17
55 44
30 71
68 78
17 80
17 43
18 39
65 10
11 63
56 77
95 28
7 98
95 28
17 66
27 46
32 41
26 17
76 85
86 56
67 78
28 96
89 41
100
91 35
70 51
18 76
29 94
82 87
75 50
68 43
45 21
1 60
80 59
84 70
66 63
8 91
85 7
84 27
10 54
43 87
60 53
59 86
78 3
40 84
3 99
37 7
17 52
39 75
88 37
24 44
11 13
76 94
77 76
34 16
20 24
71 43
80 11
70 71
57 28
32 65
20 56
98 63
99 35
83 10
36 50
19 10
88 96
96 87
68 48
33 86
28 93
8 97
54 85
36 8
17 69
46 84
34 29
79 89
35 8
67 11
82 75
92 48
33 86
74 73
68 37
26 58
74 24
89 11
63 54
2 41
57 47
50 36
49 69
23 41
77 39
15 35
12 51
74 90
41 62
83 65
28 73
23 28
89 86
22 72
27 23
50 90
64 90
53 49
5 82
2 60
96 5
59 43
76 47
58 84
93 66
37 41
41 38
55 45
94 99
40 33
87 51
63 15
65 9
100
83 78
97 53
100 85
86 80
53 99
86 63
94 93
90 98
11 35
76 74
71 6
65 21
3 71
31 74
80 70
13 53
66 11
1 35
35 57
73 65
59 37
49 5
65 25
27 38
49 74
52 85
20 99
26 31
17 3
67 81
45 77
85 94
90 57
74 40
15 41
95 50
11 22
7 28
91 33
49 71
33 58
57 83
50 74
78 90
66 26
58 30
79 35
2 22
79 32
18 21
10 24
55 16
99 17
57 69
49 8
31 95
1 90
72 52
75 26
29 6
72 65
41 48
33 64
4 89
92 59
57 6
77 34
86 6
60 18
95 68
99 90
49 27
12 69
1 85
37 58
64 54
13 35
24 69
44 38
52 8
97 45
24 1
55 15
28 51
53 100
66 7
85 50
82 66
75 5
22 73
58 19
60 89
73 25
43 62
72 23
61 39
85 23
46 39
59 90
16 73
100
4 7
97 81
81 93
38 65
43 60
77 55
56 31
41 7
42 12
84 31
84 52
98 17
11 21
73 25
98 97
52 96
88 1
3 32
17 54
63 24
16 98
89 59
79 46
48 63
83 90
21 99
51 73
32 10
42 26
97 39
88 39
37 100
92 30
83 6
18 93
65 63
76 77
77 68
91 21
28 80
32 40
14 20
13 68
56 94
74 37
91 31
8 25
14 15
89 13
81 36
47 96
74 8
77 82
20 46
4 80
67 60
47 30
20 84
73 5
61 36
66 50
30 61
20 54
13 26
59 71
59 34
51 4
80 30
82 21
25 47
33 1
84 96
74 3
61 10
11 94
58 60
29 93
91 58
24 6
59 25
66 10
37 69
50 49
75 37
98 30
45 70
38 98
9 35
27 53
17 16
88 89
29 86
68 74
38 93
40 26
44 19
34 77
51 48
7 31
59 26
100
61 93
50 56
24 10
100 85
9 23
22 34
39 1
88 21
82 21
19 43
61 20
99 44
16 40
92 24
34 11
68 17
35 42
100 84
73 49
22 44
89 69
59 33
48 42
56 29
99 6
70 91
58 65
26 93
27 15
10 84
15 19
37 53
45 62
77 43
16 55
11 66
61 99
99 57
40 60
89 3
75 86
46 62
83 70
23 50
76 66
31 61
19 16
43 3
46 15
75 96
90 36
71 95
48 1
67 57
86 63
14 55
63 99
25 24
97 37
99 22
66 73
76 27
89 62
27 50
46 16
44 81
96 9
16 67
75 58
2 95
93 56
74 34
65 80
39 76
30 38
29 1
49 25
13 18
10 71
38 88
38 30
48 7
71 45
100 26
19 27
84 64
56 67
48 28
51 11
61 21
60 21
93 24
5 75
24 7
3 46
77 16
36 39
73 35
41 18
4 18
100
69 5
46 76
7 22
100 14
72 60
78 72
84 11
71 58
6 1
53 60
14 35
57 7
27 91
30 18
65 25
67 41
32 80
13 21
53 91
81 80
24 43
14 84
63 34
51 2
50 100
11 7
64 41
21 98
61 15
14 75
48 86
81 13
3 5
5 3
36 47
93 19
34 62
64 18
17 6
90 22
15 22
39 2
7 14
99 88
46 48
57 28
79 56
32 76
10 21
59 29
49 10
99 29
47 82
94 99
30 32
94 54
83 45
56 42
80 74
62 47
93 9
28 3
37 91
14 94
23 11
45 84
40 29
47 88
79 78
39 54
80 15
53 22
45 64
14 26
74 98
4 100
91 30
89 65
27 72
45 49
83 8
32 85
12 80
68 96
53 34
27 49
60 15
73 1
95 76
33 24
10 92
60 54
67 51
6 78
9 42
19 79
77 50
89 18
29 97
8 75
100
34 18
90 82
65 57
41 88
29 31
42 91
27 86
11 90
61 41
37 66
82 38
58 59
83 7
13 82
62 31
93 7
24 27
5 92
25 32
53 52
54 86
96 50
49 100
59 92
69 42
68 61
61 30
45 14
69 62
43 90
43 20
57 54
52 100
12 66
88 11
56 73
51 93
36 41
48 89
50 62
35 99
68 65
56 8
41 69
4 57
73 98
71 90
50 76
99 89
36 49
72 89
48 82
29 69
49 43
22 3
10 35
2 15
59 79
23 44
2 37
72 52
97 56
70 95
29 4
34 96
48 56
5 77
12 64
93 4
67 63
56 6
98 2
58 23
42 45
15 70
23 22
57 90
3 47
8 89
83 24
96 84
12 78
59 48
25 6
70 75
91 97
51 37
37 47
5 33
9 82
60 99
34 32
64 80
68 45
92 76
41 86
53 46
76 100
81 48
68 70
100
45 17
69 60
90 57
19 92
39 20
32 99
25 82
94 7
93 52
6 76
30 21
47 31
69 73
54 59
7 47
46 25
31 30
21 86
97 32
96 13
84 63
24 19
87 31
94 63
40 70
17 71
77 49
67 7
1 45
64 90
97 76
66 79
7 20
36 38
37 64
50 71
22 43
5 57
58 37
43 51
64 33
68 51
85 42
88 86
21 2
78 100
25 32
63 3
1 13
76 33
3 19
44 25
22 41
96 52
69 4
60 78
2 13
85 64
93 67
4 97
46 95
30 78
4 79
24 66
48 12
77 22
69 71
24 78
1 21
68 17
66 51
28 55
82 76
14 47
39 65
78 25
31 71
20 82
66 41
88 20
83 11
42 61
95 33
18 8
19 2
88 71
90 77
20 62
20 25
55 38
50 26
90 72
61 9
50 86
67 54
61 41
15 71
25 50
48 26
28 27
100
80 32
97 66
100 86
52 45
44 61
1 45
15 10
54 82
42 95
36 44
60 55
66 30
36 12
15 96
89 82
62 72
28 25
54 60
82 48
42 86
13 87
65 16
27 12
37 89
69 92
1 55
20 68
4 5
15 43
20 7
9 27
36 96
77 78
13 39
92 27
47 99
25 77
22 84
32 63
47 53
23 20
29 36
12 14
83 86
25 29
91 95
4 66
7 2
51 100
64 32
87 37
77 63
47 10
57 25
72 27
74 34
46 15
44 71
78 54
5 55
50 4
83 87
16 4
45 76
90 97
90 51
57 33
90 58
1 51
5 58
12 63
29 33
31 55
26 16
81 12
88 23
13 93
13 63
99 24
98 100
38 26
67 56
12 76
92 28
41 87
62 51
4 40
29 12
72 48
84 3
78 25
24 33
40 46
24 47
69 80
56 21
42 74
67 92
13 69
31 18
100
63 27
20 56
20 69
40 72
1 56
21 52
73 29
83 63
25 3
20 83
24 36
25 86
83 91
49 44
57 2
2 97
43 32
5 19
63 5
41 88
32 66
95 94
7 51
56 1
28 2
27 15
61 52
45 85
17 66
68 40
24 9
57 42
58 77
82 47
49 44
84 3
23 77
49 16
12 87
20 100
39 32
87 13
99 98
5 100
65 48
5 59
93 4
56 33
57 100
83 66
88 58
27 88
94 44
8 9
7 100
59 30
19 100
51 11
69 66
14 24
11 22
1 7
32 48
73 11
11 3
56 29
88 22
63 85
8 47
53 23
61 5
49 94
2 58
91 85
28 8
12 84
22 99
74 81
47 80
46 52
21 29
8 60
24 53
43 96
17 95
50 30
58 73
12 17
95 99
43 16
43 81
27 55
30 61
15 20
13 100
6 75
82 90
88 1
88 13
75 61
100
38 85
57 51
26 47
3 85
32 72
19 31
47 45
91 19
83 95
97 44
38 47
59 8
89 1
60 23
81 1
10 82
5 74
21 64
12 98
84 73
72 36
65 58
53 70
11 35
45 50
6 51
12 20
81 67
99 61
84 5
9 69
88 50
66 99
79 48
42 53
20 27
21 60
35 54
50 84
89 56
33 67
3 28
96 34
63 9
57 37
58 10
78 96
47 73
73 97
33 51
10 41
25 76
26 41
94 78
61 54
85 75
4 44
66 47
78 24
83 56
67 65
60 45
38 1
78 6
100 49
36 67
82 93
16 61
1 47
80 34
59 14
40 5
58 29
72 10
83 90
81 20
7 25
87 1
44 73
89 86
39 60
64 79
93 42
65 63
36 96
10 72
75 6
51 98
60 55
1 81
45 31
42 12
29 90
17 31
67 82
41 23
63 67
42 81
67 25
55 16
100
75 57
40 74
8 27
76 83
76 8
51 21
69 99
100 10
44 87
42 61
3 20
38 6
20 17
73 18
12 86
54 99
86 77
89 48
42 13
70 88
34 33
29 39
1 65
45 71
8 35
4 17
21 53
54 61
50 16
36 72
54 99
81 27
29 64
79 2
22 21
41 52
87 63
84 61
14 23
35 51
70 30
39 29
87 35
42 81
9 2
64 57
61 56
68 28
79 100
33 99
48 20
96 94
7 4
91 35
94 1
94 68
53 6
17 71
7 76
95 4
71 88
89 94
21 73
50 23
93 22
52 45
69 80
7 10
40 56
45 19
32 84
35 8
36 87
96 25
71 76
25 52
53 28
55 37
71 58
7 8
77 58
65 86
4 48
51 11
80 74
23 15
56 41
62 93
79 56
66 36
25 65
34 72
38 60
64 28
10 37
8 28
6 81
99 21
66 100
83 96
100
92 74
17 63
20 48
94 30
88 28
30 22
17 19
54 15
35 57
93 3
57 6
86 64
73 36
36 18
3 81
25 23
31 38
23 99
80 97
44 80
38 67
85 32
68 9
40 31
55 99
90 21
97 69
30 65
86 46
22 6
14 67
49 46
21 89
43 29
28 18
7 94
2 9
14 97
63 19
9 2
83 84
37 85
90 81
72 95
55 51
63 4
67 95
69 76
60 8
71 7
25 94
46 48
52 96
49 81
89 72
84 81
64 65
43 38
74 14
43 62
60 85
93 100
21 17
14 65
90 6
21 81
43 79
1 24
53 56
20 89
66 28
18 15
29 44
16 24
67 27
16 66
18 75
99 58
27 16
99 28
66 56
72 4
8 59
93 19
40 37
31 84
58 22
58 80
72 74
61 68
32 73
31 61
28 12
37 28
72 57
58 31
81 35
12 19
82 18
1 88
100
44 13
50 10
34 36
27 30
94 72
99 64
69 9
42 53
32 4
16 92
92 38
31 89
39 27
67 55
33 73
57 55
18 15
46 51
36 34
61 75
75 59
64 1
7 31
11 40
30 19
58 32
99 50
69 76
14 67
8 84
13 3
91 92
38 12
66 88
46 67
25 85
85 27
72 32
51 62
1 69
6 28
6 95
73 41
16 79
65 72
56 6
37 74
93 54
96 15
70 67
42 47
10 34
6 75
45 7
66 47
29 36
28 15
69 29
65 21
49 69
3 26
74 57
99 10
46 47
39 9
95 70
12 75
40 88
48 44
53 44
31 89
81 85
19 34
77 14
64 16
98 100
97 92
70 69
21 92
99 22
1 54
56 8
46 11
96 90
33 18
44 26
21 17
64 12
24 46
33 27
58 14
98 7
63 39
96 74
100 96
58 48
68 13
13 24
34 2
89 41
100
16 76
32 15
46 19
25 39
90 53
78 75
60 70
74 41
6 53
5 68
81 94
7 45
94 39
32 6
57 91
26 38
34 87
12 66
53 76
85 12
8 66
44 11
58 36
1 54
46 16
56 24
3 68
68 91
47 49
3 92
71 34
60 75
77 24
77 58
37 33
62 47
16 75
33 63
75 4
84 14
37 24
10 40
74 79
88 89
71 81
61 33
15 42
23 89
16 7
15 19
46 49
31 43
65 54
11 27
32 79
93 75
85 38
64 99
37 98
51 45
6 16
87 89
60 75
53 66
46 29
15 98
51 42
85 30
45 15
24 73
10 66
1 35
56 31
17 23
56 43
35 56
50 67
36 9
86 7
62 90
2 63
28 1
54 74
49 12
44 58
51 100
89 75
3 75
72 59
34 59
98 93
17 99
17 56
40 54
41 83
15 48
19 83
87 63
64 40
48 95
100
57 15
31 73
97 75
1 74
76 63
48 42
73 4
82 47
11 64
16 96
59 54
17 37
23 75
52 31
11 37
73 86
72 74
47 92
12 88
75 62
1 24
72 43
58 54
19 36
75 4
39 93
25 84
76 96
23 5
33 25
73 9
56 2
11 84
70 51
16 32
2 49
59 50
46 82
49 96
79 92
9 3
80 12
53 35
90 68
57 41
30 61
68 67
95 69
21 54
54 99
4 8
24 92
66 37
83 16
99 49
67 16
21 2
78 94
12 66
97 26
4 73
29 38
58 20
23 22
94 4
72 10
12 97
84 81
50 22
67 52
74 92
36 70
17 81
41 34
78 51
36 11
52 12
6 53
20 63
58 5
23 74
96 55
6 35
79 64
10 78
35 46
53 59
75 82
99 1
83 80
72 63
48 22
28 57
54 51
19 45
58 71
62 99
45 94
38 21
48 21
100
34 89
38 90
68 80
44 47
66 83
28 59
32 48
90 28
16 56
55 3
90 86
18 40
61 18
71 29
74 82
99 72
2 1
72 36
9 51
85 70
74 7
18 65
97 98
88 94
80 36
86 66
47 9
2 78
34 95
70 29
9 96
88 46
94 62
91 10
52 36
49 23
96 12
50 89
54 83
52 69
22 21
5 40
57 85
50 14
82 98
13 74
58 20
23 100
68 84
14 97
75 77
28 80
96 84
80 24
40 51
12 3
6 31
64 25
5 23
14 16
81 47
79 46
58 18
53 47
13 96
10 56
14 75
87 100
17 68
80 55
1 93
71 57
13 100
95 72
5 58
3 32
41 36
67 41
12 26
34 92
51 77
53 77
65 15
14 55
37 98
25 27
92 28
23 71
7 5
80 89
52 89
66 6
87 68
32 53
40 38
5 95
1 56
31 20
2 40
35 70
100
27 73
75 55
58 93
65 37
73 95
74 37
86 3
89 22
3 58
95 39
76 16
13 34
74 98
83 27
93 46
57 49
37 3
78 13
79 64
65 23
56 40
13 28
85 34
32 70
80 15
68 96
1 68
34 41
16 86
86 68
87 51
11 85
43 75
98 2
76 75
13 46
1 28
98 12
99 13
63 29
100 50
63 41
40 14
15 94
28 33
5 33
91 89
13 71
79 69
93 84
66 99
73 69
82 50
72 4
15 71
1 45
64 71
84 27
57 73
21 71
47 45
73 92
24 48
86 20
1 25
2 86
45 35
57 73
14 41
4 9
13 19
38 91
37 51
67 85
32 25
8 27
88 25
92 16
12 28
19 87
20 100
79 21
70 67
49 65
51 23
65 21
49 58
49 26
78 79
11 75
5 63
52 17
79 70
4 47
37 63
84 48
53 45
99 78
58 74
24 22
100
99 80
42 35
46 62
37 40
1 38
80 12
13 45
87 24
98 72
72 44
50 22
85 39
15 53
34 92
32 46
65 20
100 68
48 44
11 91
33 61
46 5
38 5
9 7
84 90
57 17
95 19
91 29
61 44
7 41
51 54
85 76
13 16
25 82
35 79
21 86
2 32
11 55
32 27
72 34
98 54
81 31
60 15
84 62
72 15
5 40
96 27
80 30
10 45
14 97
13 51
76 23
69 37
27 41
18 96
14 1
57 26
88 81
60 17
2 69
71 80
44 62
86 23
35 11
96 78
10 69
45 64
21 25
44 41
81 37
25 55
7 49
34 52
8 62
75 16
49 4
19 50
62 80
22 36
52 40
30 14
89 75
9 19
35 73
68 67
25 51
81 23
53 63
92 50
39 40
99 86
92 65
37 50
37 8
73 74
43 46
62 87
5 60
47 53
28 45
32 39
100
7 25
13 90
1 24
80 56
84 34
86 43
50 54
76 42
79 17
20 64
10 95
14 97
90 2
78 58
96 84
54 81
74 79
22 89
32 64
57 74
2 99
70 28
25 94
87 14
9 52
64 93
97 37
31 54
77 95
6 61
29 34
98 90
30 75
51 37
7 49
65 72
76 58
1 24
21 5
90 97
33 39
21 14
21 47
95 41
56 1
98 22
23 39
67 42
93 11
74 65
29 59
26 96
98 66
35 85
64 14
33 96
88 62
67 23
44 54
100 48
72 25
73 38
12 94
95 77
67 98
14 61
59 9
82 89
62 71
89 84
28 49
13 85
78 92
7 36
19 97
28 41
33 90
11 87
78 100
4 99
28 73
88 66
41 60
80 63
95 10
10 42
56 1
70 47
30 4
46 50
90 99
74 55
13 25
66 62
1 21
48 19
96 42
62 71
75 17
90 96
100
79 70
97 54
8 17
53 7
28 19
99 92
82 11
41 22
2 18
20 88
48 87
28 53
82 50
22 32
95 34
97 6
67 32
32 58
40 6
64 74
56 27
35 46
32 53
20 22
8 100
97 20
7 82
40 16
31 97
68 40
49 5
13 87
32 85
95 66
63 45
52 26
81 17
91 5
5 87
34 73
97 49
18 21
58 1
35 87
91 13
64 6
80 71
51 72
25 38
16 63
99 29
62 99
7 35
15 11
39 84
73 96
8 89
71 4
22 67
40 52
26 22
85 41
86 73
24 40
33 18
67 6
33 46
85 73
38 97
42 49
79 23
15 33
53 51
55 14
46 96
56 80
76 94
82 46
62 26
22 93
86 7
41 12
32 70
38 3
82 61
46 3
100 33
55 68
5 2
39 18
46 6
17 25
7 76
95 44
40 18
98 48
54 42
19 80
91 97
64 40
100
30 76
79 71
61 38
97 77
91 54
21 13
82 74
49 21
66 45
94 59
16 89
64 60
69 16
64 80
1 16
18 45
18 20
57 91
41 10
29 55
80 89
31 3
5 36
34 26
14 84
81 79
41 4
16 3
70 75
73 14
7 13
68 3
59 55
96 4
2 9
55 88
48 77
95 59
55 90
31 14
47 25
54 100
28 22
62 3
34 6
4 55
80 35
33 37
90 44
100 96
91 10
42 62
11 91
2 66
84 13
4 77
44 17
76 100
98 5
17 73
54 15
81 23
15 100
11 49
85 49
54 5
78 87
94 38
9 99
51 85
41 97
26 14
63 46
20 32
9 57
47 73
98 12
97 5
82 83
64 45
18 32
81 100
14 11
99 62
29 30
42 65
15 39
30 10
18 61
21 35
81 45
12 79
2 34
11 89
22 55
59 53
38 72
52 7
92 88
88 70
100
94 46
11 72
50 25
19 62
31 60
3 54
39 38
67 19
29 13
5 33
45 46
83 46
22 76
64 81
36 50
28 58
7 64
39 69
6 9
63 17
55 35
92 100
78 73
82 69
6 76
5 74
51 13
52 17
44 46
88 95
96 75
30 38
45 57
58 49
13 24
92 30
5 90
27 51
59 19
28 4
60 70
61 3
74 23
35 53
2 79
53 32
6 49
34 46
93 27
45 5
59 92
98 47
70 18
92 24
81 56
85 70
52 80
73 69
100 23
95 54
4 89
16 12
36 6
29 13
74 92
99 26
98 69
65 39
67 57
90 25
64 52
52 19
68 15
56 52
3 1
2 54
4 11
23 31
72 100
21 9
12 1
80 17
95 43
58 67
28 76
5 99
62 45
96 58
50 18
33 66
70 33
67 76
78 74
24 18
68 31
80 30
41 11
78 2
6 52
73 21
100
42 16
28 70
42 31
87 57
31 56
59 44
82 33
71 64
62 88
68 8
5 88
74 60
80 19
44 66
60 25
33 29
37 45
48 95
14 6
29 9
61 8
30 88
5 80
5 2
41 22
54 65
19 74
35 55
17 57
10 51
70 40
43 52
84 88
39 35
96 5
28 89
51 73
61 5
68 77
41 63
33 90
95 78
75 51
65 75
64 11
13 27
77 55
97 87
95 12
7 100
74 79
50 55
38 100
26 80
39 90
62 74
75 23
32 69
14 51
82 98
89 99
52 100
5 44
94 45
21 18
100 82
25 88
56 54
51 28
99 61
14 68
98 20
78 67
10 87
92 6
35 46
9 96
53 16
19 98
51 52
29 98
85 99
54 76
70 57
39 99
4 100
89 91
74 60
2 94
85 21
14 48
73 27
73 99
64 97
79 38
91 94
95 89
60 21
45 98
35 20
100
70 35
45 47
52 69
78 80
46 27
87 13
36 69
59 14
6 69
9 80
99 31
74 75
61 66
27 63
100 55
14 36
19 42
68 96
29 66
46 31
36 81
36 70
22 71
7 89
53 39
12 13
17 68
12 58
95 48
49 48
72 86
69 77
6 17
42 6
38 36
17 81
39 88
91 75
77 73
64 5
78 36
50 64
21 46
77 24
83 81
90 80
48 97
10 42
18 77
23 96
6 35
30 41
45 57
31 9
64 6
18 36
17 77
24 36
10 50
66 29
11 16
87 93
71 27
12 96
36 74
13 2
81 4
82 86
7 91
31 37
50 81
55 75
32 66
67 26
28 29
34 85
73 35
88 1
17 59
91 46
94 22
80 64
44 79
27 29
87 54
14 61
78 1
27 6
23 98
82 24
21 89
64 34
33 84
67 61
80 64
55 4
100 63
87 62
12 83
27 95
100
23 85
58 53
39 78
31 37
65 24
70 7
96 81
25 77
63 12
81 20
35 91
79 67
21 38
9 100
49 53
6 53
34 12
81 44
83 95
81 14
83 38
7 87
74 69
66 74
5 71
69 51
61 76
65 9
26 2
85 19
29 60
57 24
45 63
2 89
76 65
74 65
66 7
30 97
40 30
86 61
54 8
53 34
92 25
27 54
98 94
35 17
46 41
55 14
84 24
77 80
92 57
12 93
17 61
84 94
64 18
38 46
82 59
52 67
50 66
15 30
66 67
34 7
29 96
42 14
77 90
30 16
42 59
73 60
95 26
33 35
15 34
47 42
42 55
48 44
90 25
87 43
72 94
64 19
7 22
22 96
47 50
64 63
30 26
5 44
63 66
22 90
83 2
69 4
24 60
39 75
68 26
97 56
14 72
62 67
26 1
3 24
31 54
17 65
52 58
67 64
100
55 76
79 87
6 29
99 69
11 45
71 34
56 80
37 77
22 33
87 61
85 3
68 39
27 23
50 27
20 9
88 53
67 26
64 48
38 80
41 83
55 15
88 24
5 49
76 95
62 81
93 73
60 18
10 73
48 17
11 98
53 7
86 93
50 19
27 82
4 8
5 79
87 6
58 51
89 41
60 20
53 1
46 20
25 19
31 23
98 16
30 16
5 83
30 57
19 3
90 35
84 72
75 83
92 38
60 55
93 59
78 25
33 71
21 69
20 25
3 10
57 59
72 44
33 44
38 91
22 85
98 61
60 30
82 39
14 75
48 17
12 70
43 10
57 74
8 19
39 29
84 11
20 94
4 70
84 82
9 31
80 8
86 60
37 74
38 69
58 62
38 13
41 9
47 21
72 59
83 69
3 31
70 28
38 28
46 45
61 84
36 27
38 36
22 58
22 40
56 27
100
51 41
62 39
53 84
13 43
83 4
70 38
40 75
57 33
81 37
75 43
5 50
9 65
28 61
54 4
96 45
46 3
46 83
69 10
59 88
67 95
18 84
73 71
49 82
73 4
14 22
9 22
64 93
85 34
5 4
78 66
47 48
86 91
50 52
53 27
12 19
64 7
28 32
81 28
75 51
42 19
24 10
90 95
61 36
85 94
86 16
6 64
70 21
18 55
96 9
28 14
40 92
24 33
57 10
64 89
97 95
92 28
23 93
68 61
11 32
41 43
70 66
74 34
17 84
97 75
9 20
11 6
60 4
42 75
77 7
21 8
1 11
81 24
13 99
99 35
9 38
35 40
71 87
50 27
58 20
68 100
75 14
54 97
54 98
67 85
15 45
4 69
59 35
43 14
85 88
63 70
23 50
24 11
53 3
59 78
63 47
27 84
2 65
78 59
5 52
47 34
100
70 20
79 56
81 96
7 92
78 80
99 34
98 33
18 96
2 48
98 19
71 29
54 45
95 63
3 70
67 6
66 86
4 56
91 81
78 4
43 52
65 88
17 40
16 44
80 91
86 39
81 56
29 6
43 61
7 57
71 3
43 30
57 41
41 99
50 65
66 4
92 40
14 56
67 92
58 52
73 23
88 22
68 34
96 54
58 59
70 71
9 82
66 20
9 69
23 88
87 2
15 99
55 58
97 10
100 4
8 90
62 60
35 67
84 24
73 62
87 66
64 33
67 24
12 99
96 20
85 16
16 96
37 77
60 41
31 59
28 58
5 28
18 80
15 71
61 84
52 49
98 28
4 80
55 81
18 91
52 36
32 50
59 87
2 87
19 83
3 33
31 76
78 36
27 16
87 9
67 36
80 28
47 11
50 27
55 40
76 77
84 75
48 6
62 19
71 4
60 58
100
10 3
89 80
82 45
24 20
88 34
66 45
97 6
34 36
35 34
42 63
65 99
20 81
88 9
43 39
95 37
91 95
19 10
30 62
12 61
64 25
76 90
6 32
19 43
75 67
6 59
44 62
100 68
88 12
30 13
96 16
17 72
78 43
4 38
24 86
56 38
7 15
13 36
25 73
99 75
56 57
94 52
12 30
77 20
47 25
49 52
78 98
4 43
42 66
35 82
29 13
25 3
27 49
65 98
36 63
3 44
55 62
58 92
39 22
92 16
61 39
26 71
41 98
90 29
77 79
27 80
80 60
95 88
54 24
99 5
17 71
18 15
71 9
70 87
93 86
36 12
91 37
2 84
77 64
92 32
57 46
42 82
66 3
5 73
11 23
86 10
57 60
1 57
35 83
77 81
53 93
12 13
12 24
98 49
67 21
10 11
76 86
38 79
64 48
18 24
23 93
100
63 96
68 6
64 85
15 24
98 84
87 76
37 91
27 89
90 54
100 85
97 55
81 79
6 51
73 23
40 94
80 77
30 58
12 59
82 47
34 2
90 46
69 92
21 76
91 32
66 64
82 21
47 89
48 15
48 77
74 82
61 97
73 20
78 86
54 19
49 19
84 68
53 51
75 10
49 5
84 73
67 83
58 24
26 69
6 36
34 10
2 75
26 95
39 10
94 66
82 15
7 100
60 18
24 87
36 92
58 3
93 40
97 19
91 18
20 34
23 93
99 7
86 82
92 37
17 49
68 95
39 34
47 75
39 60
73 10
100 62
44 46
6 96
15 42
59 60
45 42
87 43
90 42
73 1
95 24
83 87
33 30
60 9
80 96
15 53
79 2
92 59
80 58
1 57
91 92
62 18
11 89
98 87
77 50
75 25
48 3
71 16
14 6
16 39
20 46
45 23
100
22 64
63 33
78 56
91 9
29 54
53 23
87 60
64 92
2 53
52 4
43 76
10 74
64 38
97 39
10 29
76 72
65 66
77 65
74 92
72 52
2 42
13 29
87 74
4 22
24 40
19 38
56 55
43 70
83 19
21 1
40 76
29 14
94 40
28 62
62 87
48 72
39 44
33 62
72 57
52 37
57 86
89 61
84 98
72 79
71 49
89 21
3 88
30 54
83 41
65 82
92 1
54 56
27 67
100 27
22 79
94 46
55 83
73 39
87 37
33 57
77 93
69 92
9 12
51 13
40 57
43 32
21 2
30 34
93 15
58 51
79 84
38 93
91 71
38 7
5 87
94 74
64 66
51 57
15 9
9 7
58 78
71 75
16 6
62 98
31 73
79 60
38 23
36 37
29 9
85 28
15 99
85 58
34 91
44 8
69 9
79 91
73 57
58 63
72 24
70 39
100
48 50
47 18
56 27
91 89
60 74
44 5
85 2
55 92
71 19
25 7
98 100
10 85
82 41
55 7
71 59
24 71
95 11
91 81
50 67
7 32
41 91
73 9
78 96
83 29
62 38
22 64
75 91
1 10
16 73
94 73
67 73
40 66
78 98
43 84
4 25
50 85
11 72
88 15
54 71
1 71
54 79
56 97
33 31
99 94
91 98
40 76
69 44
85 60
7 43
13 8
97 24
27 87
97 16
95 29
8 80
97 47
77 69
45 99
87 69
100 85
50 25
58 60
4 55
3 9
7 67
30 20
39 77
9 63
39 7
64 1
27 20
92 58
71 70
95 8
32 15
73 61
87 94
55 23
24 37
100 71
30 45
86 97
68 8
86 32
79 30
6 33
13 11
34 100
69 100
89 19
80 64
69 13
56 49
58 38
19 18
50 58
63 48
99 17
56 63
62 18
100
79 5
92 42
21 54
21 72
74 93
30 37
49 8
58 42
12 80
19 44
18 56
25 15
37 29
31 87
47 27
90 43
53 26
53 87
59 70
36 32
26 62
90 47
61 6
98 22
41 7
44 22
11 52
63 12
50 54
70 86
48 53
17 20
23 73
53 76
43 39
73 32
56 72
29 4
96 5
89 14
13 16
89 47
81 30
38 92
61 43
100 78
13 52
65 97
1 58
93 43
28 74
20 99
54 49
44 78
64 72
88 64
43 12
25 48
64 72
34 10
11 54
74 61
33 8
61 38
62 76
38 15
58 74
56 83
43 27
22 21
48 38
12 40
12 51
11 86
58 19
64 63
4 23
13 55
82 30
95 98
56 25
52 28
62 46
72 62
11 16
84 31
75 66
90 57
33 20
38 71
54 1
52 34
55 20
75 100
93 34
35 51
57 30
56 40
46 62
2 80
100
78 92
8 31
65 1
73 68
11 22
89 97
1 60
64 59
50 19
36 61
77 97
40 45
1 44
33 39
24 67
88 89
61 52
4 14
78 87
22 35
17 66
78 91
1 74
75 78
71 60
41 88
77 24
46 51
50 98
96 54
23 86
2 72
54 74
65 24
42 24
20 22
74 34
45 18
89 92
18 95
77 24
71 59
91 82
18 93
55 29
93 35
63 18
39 69
89 6
98 2
56 10
83 13
96 18
46 6
71 29
15 23
82 67
53 81
52 24
51 11
87 17
17 25
100 52
55 37
57 41
51 22
26 22
51 40
45 47
14 52
21 50
56 92
84 49
96 94
99 61
1 93
3 9
6 100
26 36
67 14
100 79
21 58
90 70
65 15
42 60
24 46
84 50
21 83
1 4
15 38
74 62
20 12
83 66
79 40
4 73
22 21
12 91
15 12
89 18
20 35
100
23 70
32 50
72 43
52 93
39 79
19 17
23 21
54 23
19 93
17 68
92 60
95 42
26 49
26 2
22 12
10 11
97 7
55 5
69 23
65 22
56 77
35 83
91 11
88 74
9 90
7 84
12 50
23 58
3 88
34 47
93 62
1 52
32 24
84 66
61 66
58 96
92 13
28 14
75 27
99 5
83 85
82 93
74 87
36 15
83 39
6 99
85 76
76 7
27 16
39 7
50 24
86 9
97 68
6 63
21 77
95 42
83 34
13 31
56 86
69 86
9 36
37 94
84 64
72 24
39 79
14 36
64 57
10 42
44 32
41 13
3 96
6 34
80 21
54 3
78 68
70 62
43 61
23 59
76 56
1 88
40 19
91 4
7 100
78 30
34 68
23 96
46 26
86 12
42 32
9 14
18 39
70 73
8 9
64 50
15 40
87 90
50 36
61 56
37 9
75 39
100
100 38
25 29
93 17
43 72
74 88
85 76
39 99
92 42
68 44
93 94
39 91
57 31
21 98
9 31
57 28
64 45
4 75
7 19
43 39
28 91
74 9
43 25
100 70
98 19
1 33
16 71
75 15
26 5
44 11
65 87
88 79
98 12
79 52
38 74
14 66
52 12
19 38
94 29
58 100
19 25
49 97
67 11
38 42
31 82
83 62
86 99
38 60
68 18
25 5
51 81
84 89
87 77
79 10
70 57
38 92
14 96
88 27
46 49
54 50
4 95
86 55
9 14
60 31
16 87
61 21
40 45
31 73
62 81
33 62
36 77
98 17
46 86
3 5
78 31
42 100
51 60
64 87
54 72
67 73
33 43
75 100
11 29
3 65
61 33
4 87
77 71
81 99
58 35
22 94
43 4
3 97
32 67
80 24
44 96
61 42
76 40
30 53
11 19
5 30
10 99
100
98 38
6 9
44 82
64 16
10 96
60 3
73 28
49 33
20 62
64 43
92 36
19 54
93 90
60 88
64 84
21 68
58 36
62 100
93 25
86 73
26 54
10 75
71 43
4 91
90 37
38 39
82 77
69 13
36 63
93 90
72 3
90 41
73 7
29 86
82 47
28 31
36 13
50 7
71 36
5 19
82 19
51 87
24 47
86 15
36 83
92 25
66 4
81 13
28 58
93 69
46 64
28 71
62 32
100 59
8 46
70 85
89 67
55 63
39 97
68 66
53 49
71 79
54 76
76 32
31 50
20 40
44 40
17 7
40 67
7 33
22 90
38 18
30 81
11 94
16 18
51 10
17 44
49 94
87 73
15 32
36 8
48 81
78 4
100 52
97 100
33 4
48 83
93 1
37 20
36 24
67 19
13 81
67 61
58 53
56 9
31 78
9 68
14 43
76 28
47 76
100
85 11
95 62
79 69
81 48
61 73
66 59
21 93
86 24
51 28
44 40
66 64
51 72
16 54
57 34
41 80
56 58
48 92
40 90
69 88
8 6
95 16
67 64
16 90
56 44
58 55
34 91
11 29
58 5
85 83
77 16
97 45
8 49
86 60
51 31
41 100
38 56
65 48
54 52
64 41
85 7
33 84
2 46
71 13
99 94
55 4
31 52
86 85
98 96
61 74
91 23
32 98
49 58
19 11
5 50
67 5
3 20
42 65
99 94
26 51
34 19
48 32
77 61
34 38
77 10
85 1
8 39
17 61
83 29
97 85
100 16
7 68
41 76
35 38
84 3
46 80
28 8
18 22
52 15
82 65
85 94
60 62
62 100
39 23
3 45
58 38
41 43
4 44
42 62
2 22
70 82
24 50
83 95
24 12
50 89
31 20
80 34
5 1
62 29
66 77
50 11
100
70 87
35 91
34 5
9 44
91 23
91 95
20 17
19 52
41 61
26 49
68 95
89 96
42 20
51 34
9 36
20 37
9 99
71 9
14 37
55 24
3 80
96 23
54 18
100 96
82 18
91 27
51 11
12 77
46 37
97 65
21 53
86 92
48 6
36 3
64 63
80 39
72 49
70 76
11 70
81 96
16 85
2 68
8 36
39 76
1 6
82 94
11 10
35 89
37 83
25 70
74 27
4 7
8 42
60 78
21 48
97 87
91 13
74 92
13 42
13 29
2 36
10 86
75 41
7 99
99 28
30 13
36 30
24 16
8 7
81 47
41 28
30 17
98 57
34 15
73 54
20 26
25 70
13 2
35 71
85 95
64 3
24 94
44 26
55 68
42 21
63 91
98 27
61 5
99 14
39 93
62 60
98 42
15 55
8 75
31 33
84 41
86 48
55 99
73 88
9 68
100
82 14
21 84
47 30
61 43
89 64
38 71
42 32
58 76
2 87
86 15
27 67
65 41
25 52
68 93
96 98
36 34
30 42
50 68
28 82
32 55
23 38
84 91
62 17
97 12
24 65
42 23
68 75
40 69
7 66
3 22
86 77
36 17
7 82
22 99
15 83
91 46
72 100
71 62
99 95
59 41
19 79
8 62
87 49
78 30
42 34
30 71
73 14
94 52
59 15
73 65
84 52
23 92
80 21
27 35
29 86
37 12
94 36
63 60
20 40
2 12
53 32
83 20
3 47
50 36
61 41
67 3
72 25
80 77
79 100
10 98
11 59
35 1
78 89
52 54
62 92
2 98
46 28
58 95
52 63
9 75
93 74
17 46
57 100
46 64
13 18
83 67
58 79
97 51
33 88
4 26
72 11
19 27
65 51
16 98
30 99
15 22
36 79
18 34
96 88
12 62
100
94 66
31 69
11 17
5 30
50 89
55 41
81 77
39 41
98 4
28 44
83 17
64 65
78 100
97 76
6 99
100 7
81 20
85 60
53 22
67 25
54 81
88 32
69 87
35 83
27 7
37 31
40 52
83 34
66 5
87 80
86 59
92 66
86 64
31 98
56 99
63 18
94 100
60 20
14 70
43 13
88 9
37 45
62 93
93 71
27 72
18 45
51 39
38 94
58 100
12 34
90 26
100 10
6 61
96 9
89 12
9 17
100 25
40 34
87 83
79 44
77 73
2 15
89 62
90 28
8 4
19 46
24 66
89 30
95 41
62 58
97 5
57 71
14 52
38 6
12 95
77 8
11 89
24 6
49 80
48 56
96 1
50 76
78 71
86 93
9 59
53 4
27 98
100 11
27 68
59 9
52 67
3 73
26 11
62 2
99 9
97 22
52 54
28 73
68 93
67 1
100
31 15
1 15
31 34
56 21
71 96
28 90
85 62
89 65
97 12
61 90
34 90
67 53
45 75
57 96
45 56
76 58
50 65
31 80
21 70
72 89
68 67
6 44
73 83
33 73
6 34
95 39
94 39
67 26
20 57
11 61
98 57
91 21
55 7
28 70
92 95
26 61
65 2
77 52
54 49
45 6
55 23
13 90
17 46
98 9
58 88
65 77
21 27
42 33
26 22
17 90
78 69
93 45
74 51
63 90
52 99
57 27
31 38
40 86
56 62
35 54
100 58
77 25
8 100
9 73
43 34
83 52
35 46
70 31
40 60
65 79
61 41
36 48
53 44
83 30
85 86
30 3
87 76
68 53
97 91
66 95
100 11
91 48
28 44
43 17
52 32
3 40
12 56
47 36
78 60
62 87
57 78
77 70
63 98
98 40
19 46
75 49
10 54
32 64
33 85
37 87
100
6 82
24 66
78 20
41 3
16 98
63 8
72 93
10 13
2 79
33 16
84 12
37 18
53 39
59 28
51 75
45 88
47 73
53 69
63 77
31 39
64 45
96 69
65 18
59 25
75 89
89 14
32 56
17 93
47 34
60 87
47 3
13 3
18 90
39 38
53 50
18 7
97 19
40 15
32 40
10 45
88 95
87 67
11 1
91 15
92 56
31 89
53 22
33 94
82 28
30 20
9 67
23 42
94 5
56 51
53 40
42 54
25 34
5 37
99 65
89 38
83 49
52 41
3 6
92 67
14 11
97 3
58 35
57 23
75 79
97 60
52 2
66 29
99 22
10 99
38 1
34 68
2 87
47 42
33 6
8 53
16 75
29 88
16 52
72 81
25 64
36 38
13 100
33 37
78 36
92 16
58 41
43 14
61 80
62 92
65 55
35 64
74 54
99 90
21 77
46 79
100
21 11
34 46
70 86
79 41
17 90
9 33
5 59
72 50
59 31
17 73
15 73
98 17
1 33
36 35
94 9
35 77
53 9
82 51
35 95
88 30
44 6
71 69
70 79
59 75
100 51
53 73
30 50
36 1
100 3
68 56
4 25
44 60
36 2
87 29
23 42
87 20
74 46
94 24
21 2
18 33
96 35
74 26
13 61
46 83
51 64
67 59
35 30
95 2
97 72
7 19
93 52
65 56
36 19
37 17
58 66
91 10
85 54
35 3
34 40
19 74
70 66
92 32
84 27
31 96
48 66
49 87
93 47
65 38
59 45
41 28
59 1
94 60
31 58
56 70
89 40
83 21
3 73
44 45
25 21
61 58
11 23
91 12
37 77
71 36
91 1
35 39
8 28
38 58
5 44
78 62
81 80
49 52
28 46
34 12
69 56
45 69
100 15
23 72
22 90
34 95
100
98 47
3 43
45 85
33 41
64 44
12 24
72 36
91 45
60 26
43 4
21 93
79 98
54 97
7 97
10 3
52 67
3 5
60 94
44 43
91 87
67 38
26 34
71 4
51 77
67 21
64 49
88 40
98 33
19 53
5 91
17 95
90 53
50 86
98 12
49 14
75 4
57 7
54 22
42 90
70 26
30 97
91 20
22 20
83 70
12 15
64 6
100 77
70 63
97 54
27 26
66 40
96 72
8 90
42 60
65 85
86 38
41 68
53 41
64 87
79 41
45 23
93 54
85 36
29 22
43 2
89 18
50 16
23 6
75 45
48 83
85 29
10 91
64 28
61 57
25 72
1 33
82 18
88 95
18 44
90 26
67 95
11 90
77 17
47 59
35 65
36 75
60 10
59 91
5 12
49 17
73 31
65 98
56 29
91 50
57 78
70 32
90 27
53 32
69 92
47 99
100
96 89
97 36
10 40
65 43
73 68
89 87
48 50
3 46
24 29
99 49
71 93
69 35
85 87
59 80
29 24
15 98
94 96
53 50
81 66
78 31
80 7
67 55
24 46
69 66
85 74
23 76
47 74
40 35
92 23
71 57
39 83
13 94
44 59
1 93
56 22
100 49
58 17
83 78
50 90
96 19
12 29
26 10
48 71
33 90
3 57
5 16
1 85
66 67
63 4
12 77
95 16
20 19
89 81
27 76
69 83
96 45
56 32
4 28
94 76
59 73
73 70
14 65
42 72
18 11
59 63
28 85
69 36
64 88
7 30
55 82
46 100
64 79
99 2
31 61
74 63
9 65
63 18
43 87
98 18
77 16
15 1
96 58
56 8
31 39
19 50
56 83
97 12
70 81
87 3
33 74
96 69
71 36
12 14
56 98
2 27
55 47
92 85
90 5
54 56
1 91
100
43 63
35 84
87 98
48 53
39 11
24 77
51 69
14 71
63 98
96 74
13 23
23 66
2 53
26 24
32 10
26 9
71 51
30 82
94 80
88 90
68 72
55 46
62 99
6 69
67 45
85 88
67 13
87 37
28 94
64 80
78 84
92 20
13 38
56 10
29 51
39 71
89 3
23 13
66 28
1 64
38 75
90 65
80 44
39 83
41 64
80 39
10 33
61 54
94 37
62 75
16 22
60 79
36 92
56 85
52 33
1 35
46 29
65 100
92 98
66 68
89 45
14 59
20 90
98 93
96 44
1 9
1 53
51 18
25 28
27 60
44 19
26 92
84 61
57 4
6 73
85 50
6 20
50 64
5 52
75 12
9 69
32 84
29 68
69 61
70 34
74 48
13 29
25 66
53 65
20 7
54 95
85 5
13 70
58 44
48 23
46 69
74 29
84 66
87 57
41 16
100
24 3
51 11
10 37
34 42
61 88
69 41
22 68
12 56
60 16
3 52
27 92
47 80
74 70
59 50
51 28
18 53
93 31
64 45
30 50
53 28
89 10
72 86
1 4
56 94
70 63
13 6
100 13
42 97
7 42
96 4
9 42
91 45
42 14
63 18
29 31
30 80
70 99
34 15
59 61
22 71
18 63
65 67
19 14
6 50
10 21
49 87
68 14
38 57
15 26
96 59
87 84
29 44
54 47
12 26
54 43
1 76
85 93
56 26
21 93
21 55
34 57
35 93
17 71
83 88
94 84
83 24
72 95
38 93
63 16
23 8
54 37
26 100
94 80
29 4
87 67
95 10
90 64
53 76
38 85
6 59
11 91
41 62
32 13
32 36
68 16
19 88
95 33
89 91
49 74
69 74
64 56
65 67
73 52
44 74
17 28
6 53
10 37
57 95
11 95
5 72
100
52 16
27 42
41 53
5 65
2 69
4 85
27 79
23 29
11 55
67 1
44 48
46 19
32 60
34 89
95 77
65 21
32 83
90 60
62 78
31 21
90 29
65 90
98 84
79 49
54 43
81 5
80 47
10 46
73 53
24 42
42 29
39 90
4 29
65 49
24 73
88 91
73 53
48 64
7 21
83 45
80 4
86 11
53 80
78 51
8 13
27 15
63 29
83 27
55 14
74 70
6 78
69 78
46 23
56 20
3 65
21 5
39 73
65 98
83 11
45 43
73 91
14 46
28 68
8 48
67 97
5 52
50 68
64 63
53 60
80 72
22 37
55 37
37 95
43 78
26 63
36 8
23 80
69 44
71 94
59 49
2 40
91 92
26 80
95 79
93 27
61 23
68 17
76 97
99 21
59 95
74 16
97 87
35 44
89 18
65 53
39 78
45 83
43 48
47 37
10 4
100
19 25
82 45
80 72
65 90
69 76
29 25
90 44
78 69
37 22
13 2
86 70
68 32
3 81
24 93
20 35
3 97
39 46
39 94
72 34
11 27
13 76
7 4
19 20
77 95
57 38
46 72
38 21
26 20
74 48
15 49
60 49
69 28
72 94
90 36
68 34
8 79
52 24
93 51
86 30
91 50
54 93
60 33
74 38
33 29
33 72
35 39
65 73
61 42
34 26
82 70
57 7
66 11
29 41
20 27
13 98
31 16
75 70
81 93
35 28
83 95
46 45
7 19
28 82
78 38
88 76
38 63
4 87
7 48
73 67
96 64
55 7
40 29
40 3
30 9
65 13
61 93
82 18
92 32
7 70
37 53
43 77
13 36
64 23
8 82
90 7
33 55
1 59
11 28
81 27
65 69
5 35
3 40
88 49
86 14
50 8
42 34
49 66
66 68
93 48
64 16
100
66 95
78 47
30 33
92 65
39 6
46 44
54 84
65 23
52 57
89 27
3 52
85 70
72 37
94 96
72 9
61 59
97 69
16 78
18 93
83 65
33 72
39 35
8 66
90 7
78 58
36 53
72 74
74 52
24 23
97 16
76 33
33 62
57 63
35 77
38 51
4 24
64 89
10 97
92 100
76 96
79 72
1 100
60 62
73 17
87 21
75 43
77 70
38 82
32 11
59 66
20 71
62 49
39 85
33 43
89 22
69 33
46 15
96 33
52 33
73 31
26 36
54 8
11 82
50 54
79 53
59 29
50 17
46 56
78 12
79 19
74 3
52 68
20 76
70 28
55 35
64 97
19 48
95 100
62 39
97 65
97 74
76 17
48 15
53 62
21 97
70 25
10 33
8 13
35 8
68 58
31 27
40 64
5 14
61 29
25 61
83 100
75 51
21 79
56 4
69 64
100
80 50
67 23
87 88
42 63
54 98
74 26
1 15
61 50
74 67
23 6
9 3
43 80
18 71
5 72
58 52
49 84
34 14
65 45
67 75
90 98
67 41
59 29
28 68
70 47
78 44
59 87
100 26
54 65
98 36
36 66
93 98
29 15
38 22
25 39
32 75
37 95
96 90
95 49
30 65
92 79
73 40
8 12
7 29
3 19
26 47
47 54
87 26
86 14
13 97
66 70
48 12
74 64
70 84
14 83
73 92
26 34
47 8
38 69
90 89
90 34
80 87
33 5
86 93
43 67
19 88
4 48
3 45
41 15
85 60
9 76
46 41
84 68
27 92
46 94
97 89
59 66
10 4
18 73
87 95
68 64
52 66
15 2
39 10
55 23
76 37
35 54
57 81
90 1
46 23
23 8
27 50
67 43
33 100
23 60
41 35
42 24
75 92
72 76
82 53
43 59
100
81 100
40 63
33 20
13 85
4 94
54 77
38 71
81 53
5 33
27 17
22 26
20 98
93 22
74 63
46 55
45 33
38 85
37 62
92 37
100 40
69 52
85 19
100 89
14 52
86 87
70 11
52 20
6 72
11 63
81 37
65 43
13 16
92 87
96 58
64 88
75 83
16 70
26 100
74 48
53 29
67 3
89 92
8 49
97 66
83 18
56 24
14 76
76 87
27 20
41 6
39 75
28 55
43 81
2 39
35 2
2 17
45 83
23 22
90 4
53 41
75 100
27 98
75 41
85 75
12 34
18 58
92 47
25 96
92 12
23 97
43 5
24 1
68 44
20 78
7 43
56 15
87 39
69 45
72 93
11 8
11 32
77 12
55 56
24 29
81 41
30 3
91 80
57 52
60 43
12 75
46 18
71 90
12 56
79 25
63 22
41 16
29 54
83 17
56 91
53 75
100
87 16
92 59
89 57
67 12
40 79
81 10
55 30
17 50
39 65
64 59
82 99
42 74
37 1
45 32
84 57
43 69
9 57
57 62
83 38
11 3
92 54
2 75
84 88
85 22
87 54
1 27
46 25
6 26
60 40
46 69
65 56
96 83
58 19
77 53
77 20
62 76
80 97
7 90
25 78
9 20
21 74
54 85
78 98
29 41
25 42
64 85
60 91
38 68
58 10
24 73
24 31
83 56
87 83
77 17
59 39
67 54
37 61
20 98
81 71
79 92
86 46
55 34
25 38
50 31
97 14
33 12
31 49
33 59
76 72
10 59
20 58
15 68
70 75
97 44
17 61
90 4
61 56
21 55
47 22
5 79
93 37
83 29
17 1
48 44
55 58
30 21
49 75
58 93
35 62
6 75
50 3
30 94
67 90
48 100
19 27
13 67
30 35
89 41
33 18
89 99
100
10 9
81 93
45 46
36 32
45 81
47 54
35 55
90 93
34 93
89 68
29 55
18 87
50 25
50 48
45 78
17 37
88 64
17 44
4 99
54 77
36 97
16 50
12 81
57 1
38 94
93 91
59 39
90 55
65 97
94 50
4 19
92 2
88 44
47 75
41 91
41 90
22 9
12 69
78 60
99 46
66 31
73 54
17 14
18 57
81 16
38 100
85 90
23 66
75 14
35 20
24 15
43 30
95 29
62 45
60 61
65 46
50 96
82 31
13 77
74 11
45 40
17 73
73 18
13 14
37 42
96 36
31 45
17 60
73 26
91 60
9 39
9 83
22 97
70 47
5 55
86 69
7 33
87 29
57 95
52 69
62 20
52 13
25 4
23 62
35 43
20 4
80 56
44 53
5 8
62 23
74 14
67 44
41 6
36 52
71 72
74 51
33 96
89 81
38 32
92 46
100
87 86
79 45
7 43
98 12
7 46
42 93
89 65
66 51
53 85
4 20
60 4
55 14
81 12
66 27
72 37
90 37
53 11
21 46
52 29
8 13
78 61
19 85
48 25
54 65
43 69
46 84
56 55
27 54
8 79
16 88
11 19
70 44
36 62
74 51
49 14
34 27
45 23
44 76
57 82
27 59
55 80
94 45
55 60
80 96
4 59
75 74
7 17
71 66
26 2
5 13
60 34
95 62
55 54
42 17
14 60
75 96
17 22
9 21
56 60
90 4
2 54
79 44
8 26
68 27
48 90
31 47
61 63
14 2
28 76
40 85
87 36
9 91
71 35
14 83
71 19
28 9
38 7
34 4
59 73
85 37
46 4
34 8
80 29
42 19
53 69
90 35
55 99
100 52
94 85
74 88
8 35
86 5
29 85
13 33
73 23
29 52
93 2
51 47
28 43
83 9
100
29 38
10 78
31 77
31 6
90 42
21 35
96 90
99 65
74 71
61 28
71 82
70 79
37 45
7 32
7 69
55 76
63 35
23 8
61 12
100 84
24 69
55 24
68 48
91 47
49 30
3 11
80 6
70 47
46 14
22 6
96 28
30 53
2 98
18 10
16 54
89 88
40 77
72 19
50 68
94 44
37 61
10 95
16 49
58 64
96 65
13 95
41 87
94 68
43 82
24 29
27 29
74 53
38 19
72 73
25 87
89 16
25 98
94 64
85 47
19 78
21 69
32 63
20 11
91 65
22 85
14 56
64 65
89 58
64 68
22 68
20 46
97 95
75 13
75 8
21 83
6 100
43 24
97 45
4 77
39 81
78 19
97 100
27 88
27 43
89 56
4 15
20 3
87 35
15 57
4 18
18 22
55 29
90 99
89 12
93 80
32 26
32 96
99 62
26 65
51 32
100
13 81
43 46
2 89
60 98
72 79
55 7
48 35
58 15
63 98
27 58
45 90
25 66
66 84
55 3
98 5
70 92
97 67
72 70
82 44
74 37
17 79
2 36
81 13
98 28
30 62
59 8
26 5
97 88
31 17
22 7
84 45
97 18
28 90
13 46
29 7
3 99
6 48
97 31
58 7
69 10
56 69
12 72
47 100
6 71
80 27
17 8
4 98
17 63
1 68
21 76
96 76
82 20
27 1
99 33
56 29
85 1
40 56
89 75
68 23
79 5
88 63
67 18
28 79
73 98
45 83
39 28
81 87
12 59
5 52
94 76
37 5
57 55
69 44
90 68
51 94
25 44
93 8
95 24
17 48
58 73
26 59
2 60
77 88
23 72
59 5
68 99
80 44
76 85
81 94
80 7
2 51
76 14
91 32
13 65
12 76
50 76
78 64
65 31
72 47
65 80
100
58 74
5 1
68 76
84 96
43 56
99 59
4 70
58 34
73 83
42 70
43 49
46 69
8 98
53 91
78 84
68 7
85 69
61 42
22 44
3 39
39 80
90 21
1 79
13 69
11 5
74 62
13 70
2 53
68 93
62 76
36 3
85 52
32 72
95 71
49 8
14 35
58 80
35 40
97 54
38 54
21 74
1 50
75 55
54 70
91 14
56 20
81 52
24 56
40 22
1 28
21 76
48 80
38 16
29 61
66 49
32 35
55 70
19 40
61 4
20 23
39 4
45 67
9 66
23 63
77 45
6 40
59 77
30 33
86 83
84 22
82 56
15 94
99 81
56 5
69 11
8 49
14 79
53 61
88 3
12 2
59 40
33 40
49 71
91 9
69 95
58 12
24 49
86 93
70 100
31 14
8 22
53 21
54 74
60 32
24 62
8 13
17 28
57 32
43 77
27 78
100
56 9
68 95
52 77
74 38
45 66
78 83
63 41
69 33
39 20
79 62
70 80
1 3
26 75
31 20
53 24
21 45
32 25
61 94
47 54
35 93
12 31
72 38
49 76
43 17
95 52
9 98
64 82
76 29
10 66
92 43
7 34
31 34
89 69
12 66
4 74
86 97
57 86
62 24
30 72
9 36
75 53
55 32
35 28
37 7
48 70
49 64
3 36
31 24
35 37
2 68
71 67
65 40
50 26
11 99
79 71
89 51
90 14
52 49
21 52
44 29
79 77
86 23
82 24
55 11
92 97
56 41
72 3
37 59
71 28
25 29
97 6
52 29
29 60
53 69
27 58
60 23
22 10
31 56
97 47
35 84
58 15
37 49
9 71
45 75
97 74
87 48
48 65
2 20
20 4
54 55
10 79
26 62
12 30
23 6
7 11
56 55
4 72
7 67
56 86
77 19
100
21 38
38 35
87 81
38 77
93 97
53 12
24 48
43 35
56 48
11 70
88 8
33 65
5 94
9 26
30 97
46 57
83 1
58 86
17 57
28 57
60 5
24 23
60 64
22 39
49 51
25 8
63 46
65 9
8 38
35 76
64 76
23 16
41 45
55 25
83 97
95 97
19 7
90 87
87 6
8 57
90 38
22 49
54 88
99 33
1 17
17 94
78 23
72 50
30 41
25 49
31 45
79 4
8 91
39 73
38 31
17 6
90 37
14 73
51 71
63 19
22 64
9 56
16 8
74 67
43 77
81 98
100 36
45 28
16 75
68 89
25 65
94 2
14 18
47 62
50 5
13 59
46 31
16 57
94 67
16 36
33 18
69 52
46 63
13 6
90 35
36 13
79 1
51 42
3 26
20 11
82 47
41 33
28 83
63 41
7 38
30 76
59 82
38 59
82 41
16 62
100
54 59
70 55
57 26
11 73
1 80
31 89
8 12
23 41
93 98
44 88
39 59
32 1
86 60
100 3
12 55
36 4
73 48
64 96
6 61
84 33
63 44
43 64
43 44
83 35
77 66
84 13
67 61
58 69
89 56
4 71
6 11
27 51
14 9
88 99
81 26
40 14
62 84
44 60
51 94
86 87
87 8
5 91
69 52
62 49
87 24
56 47
7 17
100 11
93 19
96 26
75 71
57 23
82 69
55 34
78 56
71 3
2 84
34 37
46 82
22 80
74 86
1 95
4 70
73 40
80 48
64 52
86 33
58 29
54 51
88 72
19 54
8 60
10 77
47 52
81 99
39 60
57 50
13 70
13 24
47 6
64 67
60 29
33 25
48 17
81 57
37 65
44 32
2 64
79 91
11 99
69 20
49 37
44 23
4 84
96 89
75 35
87 69
58 79
22 12
38 76
100
66 56
46 8
63 72
23 73
64 29
72 94
37 76
29 55
77 85
12 91
36 35
61 97
43 40
78 87
86 48
36 1
90 32
99 95
17 67
9 43
74 4
72 73
43 54
7 92
49 67
47 92
67 39
46 79
31 93
4 61
14 3
44 47
81 59
25 77
99 100
10 76
69 62
99 12
52 61
81 46
13 28
87 55
7 1
94 73
40 83
82 52
53 24
54 91
11 20
69 81
90 89
34 73
38 97
42 12
91 69
96 5
37 91
21 10
90 38
16 75
74 24
27 47
6 97
45 97
47 63
39 81
17 93
93 64
79 40
45 4
82 35
47 28
21 58
66 35
57 36
66 14
5 7
17 44
7 52
7 51
55 92
76 96
98 85
27 66
87 58
7 100
20 38
69 27
83 46
95 2
1 36
39 100
34 95
47 11
23 69
19 30
17 88
92 74
71 20
67 93
100
61 35
65 59
37 34
86 92
86 92
79 89
100 8
81 9
88 56
63 20
84 51
63 31
4 82
51 31
30 63
85 47
95 41
53 23
80 52
11 96
52 68
38 10
80 45
87 25
1 13
85 1
79 82
94 3
27 79
32 1
81 98
41 44
24 60
11 32
86 16
67 95
22 31
54 31
70 25
58 55
90 88
20 12
16 49
54 36
95 37
11 41
29 71
51 8
34 58
69 13
27 4
93 11
7 97
2 32
35 18
14 97
76 59
15 30
35 85
80 5
53 9
29 55
8 76
79 51
42 95
84 24
76 93
21 10
67 92
95 5
91 45
82 61
71 3
87 44
72 97
6 30
47 14
2 83
70 52
5 10
56 52
10 12
35 84
11 48
68 86
88 43
47 61
5 23
44 65
76 100
65 96
55 67
88 82
59 18
47 1
69 3
51 46
91 65
6 61
22 28
100
4 32
79 5
13 39
5 81
79 73
71 77
49 2
72 75
28 93
96 30
87 46
22 21
47 48
66 25
69 88
14 97
22 64
31 26
31 17
52 54
78 52
55 14
95 41
39 54
43 73
85 52
47 65
85 94
59 26
88 84
36 44
41 58
2 99
31 46
3 47
49 13
74 97
84 41
22 37
10 64
100 5
87 49
86 90
40 94
41 28
33 39
6 40
81 20
92 2
69 19
1 27
81 50
58 65
10 20
83 13
89 78
35 2
26 74
32 24
89 20
87 97
16 19
67 87
25 76
19 10
87 2
84 64
95 23
71 46
53 3
91 21
91 69
55 38
38 10
58 10
94 98
7 29
70 55
55 37
4 89
49 13
6 23
60 66
23 56
31 50
48 46
45 79
13 50
62 98
55 54
41 69
50 25
38 35
56 38
13 75
19 63
20 54
59 34
44 56
67 69
100
3 37
77 83
16 51
62 46
55 59
39 81
50 27
80 65
22 72
49 8
82 18
30 62
34 57
72 48
42 38
1 86
4 5
68 56
4 49
13 46
28 45
69 30
96 38
98 20
69 18
87 96
34 29
57 55
49 47
60 54
12 90
99 75
17 32
98 49
6 9
37 18
14 92
55 24
61 82
81 89
91 79
80 77
44 55
71 100
76 60
69 20
94 82
29 43
46 39
12 57
7 5
17 61
81 28
30 10
27 52
45 28
56 90
23 10
20 54
62 94
57 9
30 27
47 40
50 67
17 64
45 74
1 32
100 70
93 97
85 1
44 39
49 98
85 90
39 92
21 72
100 56
96 41
52 67
8 20
40 68
62 31
48 86
84 87
20 85
3 1
69 74
78 100
33 92
23 87
27 32
30 59
50 84
28 62
74 11
20 69
81 35
89 63
52 56
1 48
39 71
100
89 79
98 86
50 4
95 63
28 99
1 47
15 83
58 5
93 82
53 91
82 60
83 26
17 6
39 100
20 49
27 11
83 51
53 21
97 93
6 99
59 34
42 38
33 59
12 86
38 64
47 5
25 49
65 96
1 20
47 80
2 98
85 36
1 44
16 45
7 37
69 54
33 5
92 29
70 11
88 25
3 43
96 61
23 77
59 70
23 6
100 12
65 8
30 91
69 11
22 7
26 15
41 37
71 23
28 67
45 43
49 66
51 37
48 34
28 78
34 8
87 19
93 7
3 21
50 81
28 3
4 23
12 56
49 29
21 3
87 52
66 40
50 38
77 61
68 67
57 77
14 48
76 87
1 16
74 30
59 34
94 88
46 54
55 93
1 35
63 29
10 41
25 60
20 66
65 96
43 58
93 92
60 7
80 13
97 34
61 42
24 95
65 96
31 27
13 41
60 88
100
64 24
86 65
44 90
52 71
50 59
7 55
75 68
30 80
28 35
93 55
5 84
87 2
22 43
34 70
58 70
78 52
81 8
45 46
87 98
32 41
93 29
14 65
80 64
39 5
72 87
82 25
58 28
19 93
5 42
46 62
5 59
76 99
97 62
41 58
91 28
85 35
74 82
95 78
27 48
6 20
87 97
70 78
11 95
60 81
73 96
77 41
11 68
36 68
72 93
26 4
5 99
47 4
23 34
36 9
1 81
98 77
19 83
35 29
44 45
10 47
73 50
25 71
98 75
37 68
5 88
97 41
64 95
75 11
47 94
40 26
82 15
19 99
71 60
99 20
51 80
64 38
1 37
55 90
32 42
16 7
95 83
73 63
17 55
52 14
57 38
85 59
20 30
1 100
27 100
32 62
11 73
94 90
11 26
15 22
10 58
39 36
37 57
1 86
7 44
86 1
100
98 16
44 81
91 79
41 48
38 24
69 26
57 36
25 80
51 21
44 75
44 46
19 96
4 51
47 81
11 22
25 19
59 46
99 26
95 75
2 76
82 94
23 14
93 7
82 23
6 64
39 62
70 44
31 43
11 15
79 81
25 23
2 57
84 97
90 4
20 75
4 27
35 95
23 59
25 33
4 71
47 46
45 67
95 71
22 15
6 8
1 32
52 94
11 35
83 65
96 71
43 4
48 74
47 85
14 26
30 31
54 11
40 14
12 3
78 32
44 31
17 22
77 44
23 98
31 1
31 14
3 47
40 100
30 55
44 99
15 74
5 64
37 71
65 38
100 68
14 27
69 34
52 100
56 91
66 31
65 12
18 39
86 96
17 3
29 98
15 39
5 62
6 47
73 23
93 49
52 55
83 41
98 12
92 23
60 17
79 65
30 100
17 74
29 26
3 46
39 72
100
86 79
53 41
34 11
93 3
32 87
47 83
21 35
35 13
83 1
7 67
9 90
23 34
92 71
10 44
45 3
84 18
28 18
63 99
77 63
32 90
91 54
41 91
53 86
91 11
52 40
52 92
16 91
43 37
77 11
69 40
72 90
2 81
69 31
49 27
5 38
33 3
55 59
75 58
70 4
41 88
36 95
25 56
78 53
3 58
26 55
44 59
39 84
18 30
40 19
70 95
39 45
67 47
3 68
15 93
90 67
51 5
53 36
44 45
55 91
69 40
97 33
66 74
96 24
14 88
99 16
21 38
26 65
9 20
54 55
6 92
1 95
39 61
89 10
33 47
97 48
98 53
99 35
3 92
55 46
50 84
96 79
68 1
22 72
39 52
93 46
17 37
29 74
82 6
15 65
32 53
85 45
2 45
33 57
17 95
83 77
61 28
31 63
9 32
66 95
57 94
100
68 79
14 37
97 96
51 84
28 40
60 71
72 44
88 83
31 43
63 1
56 36
18 33
67 69
61 65
100 95
29 11
68 3
60 26
35 42
22 49
43 61
18 33
15 20
52 74
72 37
43 91
68 87
37 77
71 15
10 85
67 57
53 46
12 88
41 55
100 24
26 10
12 35
74 79
99 21
41 61
37 97
12 14
70 16
28 35
11 87
98 6
90 1
8 62
7 42
2 22
67 89
13 15
1 24
68 60
15 26
77 14
77 59
63 74
49 22
10 29
35 90
86 45
1 100
3 90
18 48
7 85
77 16
14 88
83 97
57 27
82 67
82 29
55 47
22 66
2 63
4 31
16 38
66 54
66 88
46 20
28 40
55 12
52 73
35 14
1 62
67 40
38 13
65 40
79 81
41 86
34 58
19 15
41 38
55 26
27 6
58 18
96 58
53 44
75 97
8 98
100
23 42
21 44
63 44
73 66
53 17
77 59
4 56
66 68
69 29
80 82
16 32
2 99
66 62
60 36
99 21
43 65
47 56
66 5
11 10
87 94
31 60
84 6
70 22
75 67
5 43
48 23
16 50
27 52
81 80
28 97
13 49
59 35
75 11
45 4
70 48
96 50
30 31
49 95
78 68
28 89
75 55
67 17
34 53
87 88
40 76
9 52
72 21
92 27
93 89
13 38
84 44
60 62
42 35
52 91
88 41
51 5
47 29
23 31
56 66
97 28
85 2
92 96
1 79
48 67
42 19
31 57
60 35
59 77
100 74
66 63
34 7
98 96
99 76
73 80
11 4
60 27
38 28
38 91
83 13
91 25
94 41
58 57
34 11
4 3
90 36
54 19
50 36
85 81
40 20
63 41
56 21
41 81
99 76
43 9
31 51
99 2
99 65
26 64
70 35
39 37
100
9 45
26 91
81 79
14 28
85 78
85 76
83 91
93 49
64 38
47 6
62 8
19 30
6 93
98 86
40 57
45 39
9 10
34 91
94 95
42 1
52 12
16 76
11 47
60 88
33 100
62 95
61 75
3 14
46 53
26 43
15 97
8 15
53 8
56 53
18 7
47 76
60 39
6 14
21 72
14 13
81 43
65 86
10 42
97 20
82 46
34 50
50 79
91 85
98 5
6 76
25 39
84 48
34 79
39 66
27 93
38 54
49 25
92 14
61 98
32 68
5 21
92 9
86 76
30 14
12 51
64 47
82 12
55 49
40 34
44 100
22 57
80 2
19 88
82 19
54 47
24 65
44 17
76 21
34 5
39 87
28 45
61 91
1 47
26 36
37 47
40 21
73 80
86 74
7 51
61 80
42 57
61 12
90 56
46 33
54 76
99 52
5 30
19 75
75 94
2 53
100
46 50
62 13
65 74
74 41
15 85
75 49
87 64
62 69
59 77
13 95
83 7
30 40
31 4
8 40
7 71
54 3
82 19
69 95
89 98
100 81
12 57
23 67
100 88
15 99
64 47
99 4
73 87
11 55
10 89
33 9
92 64
47 89
18 3
32 49
59 48
7 100
31 59
70 34
97 35
22 51
86 98
78 77
85 64
15 87
76 74
79 74
75 42
4 71
19 26
91 29
75 84
68 33
62 65
19 67
61 50
7 40
7 89
87 89
34 42
26 38
73 31
6 47
97 19
54 85
90 5
4 58
63 5
31 57
30 31
19 2
29 54
34 96
8 92
21 68
61 32
67 81
54 40
74 76
94 20
57 30
35 26
38 99
38 40
36 38
23 27
29 38
42 81
22 71
79 2
2 98
22 31
84 78
82 70
46 50
83 26
17 16
79 60
8 34
67 1
70 63
100
69 71
32 47
7 5
56 89
27 33
39 100
100 79
33 15
33 88
74 18
77 32
46 30
70 72
92 24
98 78
28 61
83 90
43 92
10 69
24 92
71 56
80 51
70 55
85 16
37 22
59 9
92 72
23 80
5 51
16 3
97 3
54 73
31 34
88 83
56 51
83 47
74 13
53 100
52 55
75 6
2 74
33 32
30 62
61 86
86 76
67 100
9 36
69 64
67 19
7 30
16 43
31 4
21 5
86 51
30 41
27 68
42 82
53 9
70 15
45 19
97 26
1 92
16 32
13 85
32 63
29 93
56 15
26 33
28 80
78 49
86 95
62 11
99 12
38 67
15 78
96 39
64 61
92 23
44 12
8 72
30 13
74 88
56 45
30 61
54 76
38 48
77 62
71 67
88 59
10 51
75 21
59 46
66 99
49 95
4 48
53 51
74 32
55 62
57 46
87 57
100
23 47
60 62
48 34
31 77
87 12
90 28
40 18
31 39
27 24
78 14
96 25
93 76
57 24
23 90
100 29
80 19
62 73
32 93
95 14
25 75
42 86
93 12
27 85
86 20
43 46
13 70
12 62
52 34
50 51
23 92
41 15
73 12
64 91
32 19
1 11
18 99
6 55
59 2
68 15
15 52
78 94
50 34
27 92
96 41
52 63
94 8
24 31
78 1
65 60
38 70
36 76
80 47
99 12
29 42
18 4
11 99
31 27
11 61
39 51
43 17
70 64
72 90
44 46
80 48
33 2
21 93
54 66
1 57
13 11
65 96
83 91
88 57
75 22
18 21
94 82
48 78
45 91
86 10
86 36
45 51
40 22
14 80
32 12
44 91
40 64
98 72
21 89
97 87
82 18
14 65
29 6
83 72
57 64
26 52
87 48
84 1
93 86
76 42
66 55
86 83
100
43 71
13 98
81 50
6 51
96 77
8 61
67 46
29 48
22 62
46 16
1 75
18 94
73 54
63 37
3 71
78 64
91 22
28 15
95 100
92 6
97 15
71 93
82 71
77 84
56 90
94 18
36 44
13 53
92 70
60 40
13 15
52 62
52 36
54 81
46 10
10 12
100 78
31 93
68 52
68 61
14 75
45 27
58 64
48 72
38 4
77 76
50 21
72 66
83 63
69 44
18 29
26 95
95 16
9 43
38 80
2 21
67 53
81 42
80 74
63 55
20 15
55 37
4 56
77 28
92 68
79 41
91 38
79 60
84 5
43 79
73 14
60 93
75 35
40 79
58 73
93 46
56 90
1 73
28 58
68 48
28 2
54 38
12 85
3 89
42 51
29 40
98 76
85 96
58 66
76 11
85 34
23 5
1 25
56 16
36 17
15 31
59 54
76 54
10 97
62 96
100
43 52
13 64
11 29
53 74
4 44
90 74
40 34
44 89
96 58
7 21
43 86
83 88
100 1
10 32
30 99
98 93
3 10
40 74
69 40
75 85
57 13
69 90
80 46
68 10
35 42
71 94
60 26
18 17
89 23
8 29
43 23
15 16
42 92
38 51
31 56
37 4
30 98
72 37
72 91
34 11
52 64
10 18
45 22
11 36
85 67
23 88
89 79
28 37
65 41
62 55
72 35
100 38
20 62
26 48
58 47
72 13
6 34
92 46
25 9
18 38
57 53
71 27
24 17
67 74
59 27
1 34
3 92
18 17
9 94
12 63
18 26
33 92
18 38
80 26
30 41
27 71
43 74
5 7
96 89
78 45
13 16
96 74
34 54
17 71
92 58
79 29
66 37
91 38
18 27
37 45
53 27
70 88
8 2
3 76
85 6
17 63
41 83
77 86
15 81
78 42
100
53 64
29 12
74 13
9 37
60 37
7 55
54 34
63 5
64 52
40 7
62 78
36 90
42 14
100 85
50 19
86 64
42 64
95 100
33 92
64 63
90 8
96 41
13 88
28 15
91 45
45 67
10 38
32 37
85 70
80 88
59 34
33 55
70 84
37 9
25 99
3 96
62 83
29 46
90 63
58 21
34 5
20 35
38 5
89 32
79 89
66 10
43 18
38 46
48 73
46 15
26 87
44 25
75 29
24 60
8 35
64 65
59 20
18 98
44 16
73 92
55 20
30 81
62 86
48 35
92 21
32 96
59 49
41 26
26 54
87 76
35 39
78 61
35 65
70 60
77 1
88 9
87 23
75 72
66 59
52 95
6 61
11 81
10 23
59 28
97 74
20 54
74 86
82 84
28 18
69 82
44 48
59 15
87 100
62 40
46 43
59 71
85 17
82 4
59 22
24 76
100
11 46
23 9
85 14
51 82
79 48
61 10
51 63
15 74
15 22
20 79
78 76
75 85
53 43
85 80
32 21
94 46
70 6
47 69
74 44
1 2
92 27
37 86
40 44
33 32
17 8
42 12
68 9
42 58
34 1
11 22
86 22
41 55
40 97
33 93
27 17
35 51
22 42
85 60
37 14
84 70
100 24
86 9
53 68
64 49
26 55
31 22
61 87
26 75
23 64
26 33
46 44
72 89
79 49
94 33
4 61
76 59
74 30
69 10
1 2
62 1
98 88
47 21
1 53
36 75
5 78
13 86
37 7
25 73
24 27
91 48
95 100
74 31
34 70
47 68
52 59
40 15
2 38
75 2
11 92
12 54
89 94
59 90
67 92
29 18
66 73
41 29
100 93
98 15
55 39
19 78
70 95
97 53
7 95
68 29
12 89
100 22
51 95
68 36
52 13
69 63
100
3 87
77 10
62 27
66 95
26 57
48 60
65 90
77 59
68 90
3 60
24 56
69 6
78 66
81 79
96 61
57 21
78 39
9 40
98 100
29 32
43 67
84 95
63 39
60 21
40 83
9 77
97 74
88 87
56 39
62 5
12 37
2 15
1 71
17 58
2 97
45 14
95 30
43 15
87 17
21 37
63 62
10 88
47 58
32 14
20 61
16 90
35 19
4 64
21 41
22 86
92 30
47 83
73 14
2 58
22 93
5 86
42 14
65 79
70 26
18 11
23 80
37 1
49 99
86 62
42 98
72 62
39 34
91 70
46 5
88 92
21 66
94 22
2 25
8 70
88 9
6 85
4 39
89 11
3 28
48 91
75 33
51 63
80 38
45 90
57 69
64 88
92 73
11 22
6 95
37 27
74 35
40 29
76 90
33 92
33 54
9 88
37 83
75 1
67 1
61 80
100
87 85
92 24
66 73
36 82
59 30
87 76
67 24
48 23
90 1
63 88
2 50
39 40
55 94
24 56
47 7
7 96
28 38
99 78
68 86
61 81
77 52
17 86
89 61
38 99
75 49
4 79
26 87
53 25
62 28
47 48
57 4
31 82
43 31
8 63
77 64
58 25
43 92
93 25
88 57
35 77
98 57
48 82
29 83
1 97
21 86
64 92
69 2
97 37
72 13
31 66
52 19
32 53
27 10
1 73
85 9
28 100
48 88
38 100
77 86
9 87
22 29
37 98
27 21
54 69
38 63
57 48
79 41
44 96
90 40
11 85
46 65
30 78
36 81
57 100
46 85
24 32
4 67
40 48
70 48
7 100
39 19
80 1
26 48
11 75
35 76
1 100
41 80
63 8
1 96
79 30
1 54
36 22
86 47
7 1
51 78
14 94
63 10
48 82
53 25
72 7
100
90 26
75 40
46 10
92 96
10 18
10 60
93 20
69 38
42 37
21 15
78 10
96 3
7 5
21 44
27 26
48 84
1 93
87 75
76 58
30 100
58 44
91 70
16 58
57 51
43 48
2 68
43 20
23 16
36 28
51 53
6 83
74 94
61 2
83 56
41 69
68 35
48 94
17 85
52 21
36 32
28 52
27 87
29 89
74 15
57 26
51 27
24 33
63 94
93 36
6 82
27 62
74 21
85 43
20 79
31 64
24 91
42 79
67 11
37 41
41 17
41 4
64 100
46 88
69 38
27 36
25 71
48 30
97 73
45 27
53 78
74 20
19 27
29 46
90 98
87 35
61 75
63 94
58 86
16 67
30 79
25 2
3 86
66 73
59 41
4 35
52 88
97 92
80 41
100 25
55 12
13 35
72 14
66 15
33 63
58 70
56 53
68 75
97 30
35 40
9 55
100
78 59
67 6
32 50
61 70
94 2
65 48
25 78
48 75
47 1
19 75
75 29
24 70
41 66
15 50
2 50
14 87
55 34
89 67
66 5
14 19
84 43
64 94
66 85
79 89
39 12
44 55
74 37
88 68
39 74
88 90
83 69
29 1
65 19
9 38
77 25
25 4
66 54
74 19
99 85
83 41
69 53
10 52
38 36
96 22
52 73
34 52
67 36
80 88
9 100
32 34
56 29
100 3
44 57
67 93
38 13
98 6
23 30
46 41
29 94
55 43
40 18
99 68
18 17
50 67
83 49
73 3
26 71
74 34
15 14
31 96
17 11
20 50
50 21
70 28
12 32
66 63
2 3
33 68
11 62
89 17
7 96
88 4
36 49
80 57
95 76
34 94
83 3
98 91
37 66
71 88
48 1
28 18
75 28
99 34
41 34
52 34
27 29
44 29
73 59
31 65
100
18 26
16 87
25 16
41 31
60 22
25 41
94 25
63 27
50 42
35 67
57 70
72 87
12 2
88 2
56 96
28 47
4 85
15 86
6 67
95 41
96 12
83 98
57 12
65 27
39 82
75 33
12 59
92 30
91 88
87 50
53 20
28 51
27 13
49 71
57 49
27 33
4 40
5 63
8 96
97 11
29 45
66 1
55 78
21 92
19 96
11 67
60 65
38 5
90 4
3 4
18 75
27 7
38 85
44 18
18 49
35 50
96 27
20 49
27 73
30 55
98 16
75 57
83 9
82 94
2 30
87 4
60 81
74 33
7 55
100 14
56 93
15 31
34 99
85 88
85 5
62 42
39 6
1 21
22 78
39 10
46 27
22 44
87 84
78 59
26 22
45 96
85 26
24 83
85 63
44 54
8 48
50 21
30 89
79 47
35 50
39 16
86 95
92 55
96 18
57 38
100
92 27
55 27
65 2
72 6
68 54
90 76
44 96
10 2
40 85
66 12
48 100
85 30
3 20
26 46
1 24
34 43
40 73
100 81
84 17
43 48
72 43
70 30
55 78
31 48
49 62
83 72
80 64
99 49
100 4
21 27
43 14
33 30
81 31
48 56
8 78
32 48
35 11
1 15
10 32
46 67
31 89
92 34
76 6
56 99
62 26
6 82
93 55
58 34
97 55
74 46
45 68
8 48
93 32
53 14
49 2
66 26
76 49
79 81
91 70
77 83
71 20
8 93
48 72
56 86
42 37
31 34
47 77
72 3
55 20
75 74
93 77
93 42
71 3
1 43
35 61
83 67
62 1
31 3
94 26
17 56
40 64
52 48
56 44
37 74
55 24
88 30
36 82
31 22
82 54
23 58
19 73
9 14
44 78
8 12
5 38
50 77
96 100
30 82
90 23
2 79
100
66 2
71 95
38 78
10 74
63 6
98 59
55 19
22 38
57 18
3 26
2 38
79 20
82 50
42 28
43 72
82 24
90 98
48 7
93 15
28 47
26 8
74 54
52 71
18 69
68 39
79 2
75 34
95 71
70 48
53 98
62 12
17 26
10 76
29 84
25 56
12 87
64 99
59 69
35 46
13 21
51 27
32 89
11 40
61 20
75 83
20 5
4 27
75 62
34 10
38 55
55 89
57 88
1 19
8 18
96 80
39 62
78 71
25 4
73 55
98 41
73 71
94 2
77 92
94 53
72 19
57 70
76 95
79 60
65 31
88 8
46 62
41 91
17 36
48 31
36 15
19 64
33 1
86 95
26 99
70 35
70 54
76 26
48 1
31 82
86 71
37 8
32 59
77 8
2 65
49 63
70 75
60 29
27 28
38 43
87 11
34 100
33 15
57 23
74 65
26 85
100
37 39
49 54
14 92
13 9
56 63
19 2
2 82
100 82
79 37
6 31
40 82
90 97
51 39
60 74
77 22
77 23
28 49
11 23
29 11
36 98
82 84
67 81
91 93
69 99
34 51
23 55
91 32
73 93
61 43
31 21
65 24
84 36
19 47
20 92
30 22
3 58
30 78
26 59
1 80
66 10
51 48
46 91
87 37
10 77
33 42
82 3
14 68
99 14
12 30
84 58
14 26
51 49
27 97
62 76
82 52
25 19
3 31
13 40
44 42
67 23
58 70
22 33
40 15
93 83
80 36
88 25
61 38
60 93
66 64
48 36
49 54
71 3
42 45
56 27
20 99
9 60
40 71
71 10
5 15
61 49
72 4
95 97
21 2
81 61
61 80
48 72
98 82
71 56
83 66
34 3
89 79
8 95
15 97
7 31
12 45
40 59
2 51
26 38
57 17
39 62
100
53 45
76 45
88 35
13 40
9 96
44 37
12 79
81 51
31 28
83 17
28 41
37 52
89 57
41 80
37 69
58 3
31 40
34 86
39 72
91 96
60 81
59 38
40 6
13 84
31 58
18 24
82 49
88 100
74 55
68 88
80 48
86 78
80 28
65 29
8 81
28 69
86 51
75 32
86 35
14 87
82 85
85 37
56 95
60 25
80 83
24 3
83 16
97 30
66 37
10 32
39 55
14 29
31 80
52 72
37 31
64 4
22 68
14 29
18 42
36 50
46 16
18 35
18 98
17 97
97 45
65 29
31 32
27 39
21 32
52 2
53 58
87 67
25 85
72 93
24 33
34 58
4 80
100 27
64 3
6 77
18 84
65 64
23 9
10 14
46 4
62 55
26 4
52 16
88 10
34 73
81 17
99 52
80 43
81 91
15 61
100 4
13 17
55 31
31 94
5 20
100
43 67
8 79
17 8
42 96
74 1
3 18
21 88
31 91
84 41
86 68
46 64
57 35
7 67
96 82
29 21
96 98
12 50
87 4
20 76
26 59
13 57
75 34
16 18
10 95
40 67
68 64
71 4
86 52
70 43
84 10
58 22
86 65
41 7
44 29
21 63
53 51
95 16
71 6
46 69
84 16
65 19
62 65
76 61
69 92
74 94
58 55
32 16
15 30
8 43
19 38
23 70
55 50
23 41
92 63
50 72
39 68
35 39
91 4
14 10
62 7
73 71
74 59
4 65
13 56
43 15
95 37
97 18
72 56
65 96
5 91
12 98
31 65
56 67
53 97
84 52
61 37
11 70
23 5
94 82
69 65
89 53
18 17
1 41
32 27
97 6
27 58
13 24
96 25
38 15
2 82
26 28
68 80
7 52
12 63
24 3
30 2
11 86
11 1
21 24
68 41
100
18 38
89 100
8 81
67 82
99 72
66 96
50 74
39 22
36 52
93 100
44 87
76 92
25 93
75 43
86 13
30 89
13 28
100 55
58 67
50 52
66 52
15 99
45 60
62 91
15 31
84 15
18 12
9 35
20 21
98 24
80 41
42 87
26 10
78 76
66 16
31 93
100 44
72 88
89 13
80 88
21 32
79 65
74 5
75 29
23 9
86 3
48 74
26 93
78 85
72 78
63 3
37 50
38 37
34 47
73 8
27 29
87 84
57 84
51 97
18 67
39 91
58 70
7 44
78 60
37 48
71 86
83 64
22 66
43 80
93 79
13 58
28 35
57 30
92 39
32 26
88 92
97 27
86 71
84 5
25 48
86 13
41 48
25 70
38 78
99 53
72 96
90 62
81 20
78 43
17 60
68 85
97 27
88 95
99 14
57 20
20 86
34 87
91 46
22 98
7 28
100
9 71
18 84
58 9
31 57
80 90
86 74
46 78
81 80
50 85
45 22
3 30
97 10
9 22
39 38
74 19
6 30
59 75
31 32
28 7
54 27
16 19
61 44
71 93
33 53
97 37
100 41
99 75
65 53
52 35
80 27
9 13
28 4
1 77
88 42
72 68
2 48
62 56
90 30
35 71
11 56
12 55
73 85
89 22
58 71
9 30
20 61
31 41
80 40
61 32
6 42
27 30
13 36
44 68
96 99
23 51
31 53
98 74
87 100
40 55
55 32
46 2
74 52
37 83
85 48
30 3
97 9
93 71
44 24
47 56
58 12
27 38
92 74
19 42
64 50
8 45
31 43
42 3
95 23
96 12
47 100
48 2
1 35
46 3
31 15
59 5
44 76
39 63
13 72
94 73
10 73
47 95
54 65
82 34
36 2
20 26
10 72
92 59
62 77
84 96
69 25
100
67 2
75 88
66 8
75 54
96 70
90 81
17 12
25 78
89 69
69 89
41 46
60 10
29 24
23 83
82 29
46 52
50 93
87 42
96 47
87 91
30 41
9 45
3 58
88 61
94 78
59 25
40 67
35 1
66 31
69 67
7 12
13 66
59 71
80 16
40 75
18 91
66 94
11 86
46 54
55 69
68 58
27 78
91 2
82 63
38 74
21 35
72 55
61 94
6 83
98 26
80 7
92 68
56 32
81 93
59 78
24 53
8 33
11 33
52 97
53 90
88 23
55 13
61 64
84 72
61 78
26 8
14 53
4 57
64 60
13 83
10 100
5 67
34 20
86 89
45 93
16 59
97 7
94 30
21 25
17 19
88 98
65 92
21 9
27 24
6 26
16 33
17 49
80 24
16 7
83 31
72 54
34 2
27 58
61 70
63 29
43 73
94 79
87 49
85 50
57 41
100
90 99
40 25
26 82
79 90
21 54
18 45
63 69
67 98
62 51
92 45
69 61
42 56
5 36
10 11
58 13
83 28
40 59
77 73
18 6
64 44
35 95
48 17
59 86
35 13
8 99
3 89
24 87
39 67
21 32
14 95
85 24
25 71
21 29
55 81
59 23
13 96
36 76
61 63
72 55
90 19
25 87
24 77
15 81
41 45
31 96
58 89
19 61
45 85
82 53
2 30
2 43
65 93
14 63
57 56
70 90
41 58
83 20
91 89
52 32
59 34
86 8
36 51
33 69
59 10
75 37
15 93
86 87
91 70
51 21
85 55
100 1
55 99
91 92
95 13
5 35
94 68
12 76
4 17
86 1
33 26
20 65
39 90
81 41
29 63
76 67
78 81
31 48
73 35
98 22
67 93
18 81
85 55
54 85
4 22
23 36
20 74
21 37
31 13
83 86
47 53
100
76 99
51 31
18 83
98 42
53 89
32 21
24 97
58 91
28 97
100 29
21 90
61 56
9 63
79 24
38 88
23 43
36 75
68 95
63 35
11 99
98 32
5 90
51 71
64 21
81 66
75 34
100 3
17 10
20 5
59 68
16 43
53 90
64 12
6 20
81 71
47 35
92 75
9 68
29 11
72 65
9 11
74 43
15 63
71 39
68 83
69 64
63 100
67 7
63 94
12 43
61 50
79 99
15 3
2 22
97 15
93 21
55 49
24 14
62 44
31 12
38 47
27 43
88 27
2 5
33 48
19 1
11 32
22 15
94 56
44 88
33 60
92 88
14 45
69 53
16 40
44 78
84 34
12 59
26 71
14 59
72 68
60 19
55 40
41 93
73 8
56 53
95 65
64 98
12 78
1 13
13 35
15 41
58 18
75 63
53 36
12 68
50 41
32 70
39 27
84 29
