10
1
1 1 4 4
0 1 1
2
1 1 4 4
0 1 1
2 2 1
3
1 1 10 10
2 2 1
4 5 1
0 1 1
4
1 3 51 46
-1 0 3
40 43 5
20 54 10
30 40 10
5
56 41 0 -1
96 82 10
1000 1000 200
-1000 -1000 200
500 500 3
40 30 12
6
10000 10000 -10000 -10000
5000 5000 50
3000 4000 500
1000 1000 30
20 8000 300
6000 9000 500
-5000 -6000 1000
7
-5000 -4567 5466 1897
1234 5678 1234
4567 1234 789
5460 1894 3
-4995 -4565 2
0 0 1000
-10000 -10000 2000
10000 10000 2000
8
0 0 1 1
-1 -1 1
2 2 1
0 1 1
-1 -5 1
-1 1 1
1 -1 1
1 2 1
0 -4 1
9
-1 -1 1 1
10000 10000 10000
-10000 -10000 10000
10000 -10000 10000
-10000 10000 10000
0 0 1
2 2 1
-2 -2 1
-2 2 1
2 -2 1
10
4567 1237 1234 -1237
123 456 7
456 789 1
1000 1000 12
1200 1200 10
-1000 1000 100
1246 1234 20
3000 1000 30
4000 1000 50
4500 1200 30
2000 0 100
