100
48 53 91 1
65 17 90 28
26 69 15 50
35 38 59 80
36 55 63 53
36 73 88 32
73 67 48 36
33 34 95 66
10 14 22 64
13 29 86 96
52 36 4 34
91 36 76 70
87 51 39 65
90 87 98 87
30 65 79 14
98 94 74 53
96 6 1 31
8 70 100 12
41 55 44 92
69 4 92 79
84 49 60 21
51 72 33 87
11 96 37 73
51 83 89 37
61 64 40 88
13 34 66 20
87 40 97 66
72 21 87 81
86 57 60 3
87 89 49 30
35 55 89 65
81 58 87 8
76 37 32 53
65 9 87 49
68 4 70 94
71 27 42 38
11 24 21 32
34 85 59 38
75 83 48 82
79 38 76 97
96 72 13 13
69 36 56 69
53 42 12 83
11 52 60 89
89 38 35 92
31 65 70 73
27 56 68 13
7 28 93 51
66 66 61 48
99 19 62 42
94 15 89 69
72 77 9 26
45 30 69 100
24 24 54 85
71 61 20 40
31 96 1 72
18 83 70 42
99 81 90 70
31 34 4 88
2 85 17 21
83 1 39 70
55 19 8 4
2 23 49 53
16 61 60 39
36 30 75 43
51 71 20 11
91 9 14 76
20 38 9 93
99 30 69 16
9 58 91 44
78 9 81 2
2 4 90 48
88 24 93 63
73 28 90 68
19 60 46 33
51 96 68 84
4 2 32 84
38 76 91 68
69 28 82 37
61 92 8 11
65 84 83 18
51 49 2 29
48 85 8 27
20 8 75 78
99 77 43 88
97 65 25 84
100 59 71 40
4 22 57 20
44 7 81 84
75 21 87 93
95 81 88 54
53 46 37 9
5 18 94 71
80 75 36 19
19 59 69 61
13 9 10 87
53 28 39 37
5 89 2 46
35 95 83 82
50 5 90 62
